   1.9333334e+01  -6.0870930e+01   1.0000000e+00
   1.9666666e+01  -6.0824556e+01   1.0000000e+00
   1.9777281e+01  -6.0807381e+01   1.0000000e+00
   1.9877364e+01  -6.0644386e+01   1.0000000e+00
   1.9983519e+01  -6.0480560e+01   1.0000000e+00
   2.0000000e+01  -6.0471655e+01   1.0000000e+00
   2.0333334e+01  -6.0363031e+01   1.0000000e+00
   2.0390616e+01  -6.0315907e+01   1.0000000e+00
   2.0334911e+01  -6.0150417e+01   1.0000000e+00
   2.0538171e+01  -5.9984089e+01   1.0000000e+00
   2.0666666e+01  -5.9880937e+01   1.0000000e+00
   2.0797312e+01  -5.9816921e+01   1.0000000e+00
   2.1000000e+01  -5.9740470e+01   1.0000000e+00
   2.1189173e+01  -5.9648911e+01   1.0000000e+00
   2.1322054e+01  -5.9480057e+01   1.0000000e+00
   2.1333334e+01  -5.9473003e+01   1.0000000e+00
   2.1559761e+01  -5.9310352e+01   1.0000000e+00
   2.1666666e+01  -5.9179157e+01   1.0000000e+00
   2.1682410e+01  -5.9139797e+01   1.0000000e+00
   2.1811070e+01  -5.8968388e+01   1.0000000e+00
   2.2000000e+01  -5.8863115e+01   1.0000000e+00
   2.2206388e+01  -5.8796120e+01   1.0000000e+00
   2.2333334e+01  -5.8764247e+01   1.0000000e+00
   2.2666666e+01  -5.8668362e+01   1.0000000e+00
   2.2891732e+01  -5.8622997e+01   1.0000000e+00
   2.3000000e+01  -5.8596297e+01   1.0000000e+00
   2.3333334e+01  -5.8497871e+01   1.0000000e+00
   2.3410655e+01  -5.8449009e+01   1.0000000e+00
   2.3559984e+01  -5.8274158e+01   1.0000000e+00
   2.3617752e+01  -5.8098438e+01   1.0000000e+00
   2.3666666e+01  -5.8033271e+01   1.0000000e+00
   2.3742964e+01  -5.7921848e+01   1.0000000e+00
   2.3844526e+01  -5.7744385e+01   1.0000000e+00
   2.3906738e+01  -5.7566048e+01   1.0000000e+00
   2.3888551e+01  -5.7386833e+01   1.0000000e+00
   2.3854116e+01  -5.7206738e+01   1.0000000e+00
   2.3851701e+01  -5.7025761e+01   1.0000000e+00
   2.3940701e+01  -5.6843895e+01   1.0000000e+00
   2.4000000e+01  -5.6781521e+01   1.0000000e+00
   2.4105639e+01  -5.6661144e+01   1.0000000e+00
   2.4224023e+01  -5.6477505e+01   1.0000000e+00
   2.4298817e+01  -5.6292969e+01   1.0000000e+00
   2.4333334e+01  -5.6171439e+01   1.0000000e+00
   2.4348803e+01  -5.6107536e+01   1.0000000e+00
   2.4333334e+01  -5.5921450e+01   1.0000000e+00
   2.4333303e+01  -5.5921211e+01   1.0000000e+00
   2.4250335e+01  -5.5733982e+01   1.0000000e+00
   2.4143736e+01  -5.5545853e+01   1.0000000e+00
   2.4082157e+01  -5.5356815e+01   1.0000000e+00
   2.4120276e+01  -5.5166874e+01   1.0000000e+00
   2.4196824e+01  -5.4976025e+01   1.0000000e+00
   2.4248368e+01  -5.4784260e+01   1.0000000e+00
   2.4281671e+01  -5.4591587e+01   1.0000000e+00
   2.4185530e+01  -5.4397995e+01   1.0000000e+00
   2.4000000e+01  -5.4256518e+01   1.0000000e+00
   2.3745073e+01  -5.4203484e+01   1.0000000e+00
   2.3666666e+01  -5.4187008e+01   1.0000000e+00
   2.3333334e+01  -5.4148883e+01   1.0000000e+00
   2.3000000e+01  -5.4110985e+01   1.0000000e+00
   2.2666666e+01  -5.4150671e+01   1.0000000e+00
   2.2450451e+01  -5.4203484e+01   1.0000000e+00
   2.2333334e+01  -5.4229937e+01   1.0000000e+00
   2.2000000e+01  -5.4363078e+01   1.0000000e+00
   2.1929179e+01  -5.4397995e+01   1.0000000e+00
   2.1666666e+01  -5.4527631e+01   1.0000000e+00
   2.1505893e+01  -5.4591587e+01   1.0000000e+00
   2.1333334e+01  -5.4656805e+01   1.0000000e+00
   2.1000000e+01  -5.4748916e+01   1.0000000e+00
   2.0825355e+01  -5.4784260e+01   1.0000000e+00
   2.0666666e+01  -5.4815163e+01   1.0000000e+00
   2.0333334e+01  -5.4880533e+01   1.0000000e+00
   2.0000000e+01  -5.4921820e+01   1.0000000e+00
   1.9666666e+01  -5.4929179e+01   1.0000000e+00
   1.9333334e+01  -5.4928672e+01   1.0000000e+00
   1.9000000e+01  -5.4944687e+01   1.0000000e+00
   1.8666666e+01  -5.4948447e+01   1.0000000e+00
   1.8333334e+01  -5.4934871e+01   1.0000000e+00
   1.8000000e+01  -5.4894417e+01   1.0000000e+00
   1.7666666e+01  -5.4821670e+01   1.0000000e+00
   1.7470598e+01  -5.4784260e+01   1.0000000e+00
   1.7333334e+01  -5.4758471e+01   1.0000000e+00
   1.7000000e+01  -5.4709068e+01   1.0000000e+00
   1.6666666e+01  -5.4657154e+01   1.0000000e+00
   1.6333334e+01  -5.4593140e+01   1.0000000e+00
   1.6327826e+01  -5.4591587e+01   1.0000000e+00
   1.6000000e+01  -5.4496973e+01   1.0000000e+00
   1.5748801e+01  -5.4397995e+01   1.0000000e+00
   1.5666667e+01  -5.4370990e+01   1.0000000e+00
   1.5333333e+01  -5.4267221e+01   1.0000000e+00
   1.5064989e+01  -5.4203484e+01   1.0000000e+00
   1.5000000e+01  -5.4189547e+01   1.0000000e+00
   1.4666667e+01  -5.4141330e+01   1.0000000e+00
   1.4333333e+01  -5.4098226e+01   1.0000000e+00
   1.4000000e+01  -5.4047081e+01   1.0000000e+00
   1.3693031e+01  -5.4008053e+01   1.0000000e+00
   1.3666667e+01  -5.4005665e+01   1.0000000e+00
   1.3333333e+01  -5.3975702e+01   1.0000000e+00
   1.3000000e+01  -5.3952956e+01   1.0000000e+00
   1.2666667e+01  -5.3952595e+01   1.0000000e+00
   1.2333333e+01  -5.3966606e+01   1.0000000e+00
   1.2000000e+01  -5.3990217e+01   1.0000000e+00
   1.1847919e+01  -5.4008053e+01   1.0000000e+00
   1.1666667e+01  -5.4033664e+01   1.0000000e+00
   1.1333333e+01  -5.4090288e+01   1.0000000e+00
   1.1000000e+01  -5.4159240e+01   1.0000000e+00
   1.0823525e+01  -5.4203484e+01   1.0000000e+00
   1.0666667e+01  -5.4241328e+01   1.0000000e+00
   1.0333333e+01  -5.4319842e+01   1.0000000e+00
   1.0008964e+01  -5.4397995e+01   1.0000000e+00
   1.0000000e+01  -5.4400397e+01   1.0000000e+00
   9.6666670e+00  -5.4496911e+01   1.0000000e+00
   9.3333330e+00  -5.4585647e+01   1.0000000e+00
   9.3021219e+00  -5.4591587e+01   1.0000000e+00
   9.0000000e+00  -5.4652179e+01   1.0000000e+00
   8.6666670e+00  -5.4695856e+01   1.0000000e+00
   8.3333330e+00  -5.4739303e+01   1.0000000e+00
   8.0848504e+00  -5.4784260e+01   1.0000000e+00
   8.0000000e+00  -5.4798704e+01   1.0000000e+00
   7.6666665e+00  -5.4870447e+01   1.0000000e+00
   7.3333335e+00  -5.4948946e+01   1.0000000e+00
   7.2223583e+00  -5.4976025e+01   1.0000000e+00
   7.0000000e+00  -5.5036519e+01   1.0000000e+00
   6.6666665e+00  -5.5117441e+01   1.0000000e+00
   6.4175657e+00  -5.5166874e+01   1.0000000e+00
   6.3333335e+00  -5.5182462e+01   1.0000000e+00
   6.0000000e+00  -5.5231295e+01   1.0000000e+00
   5.6666665e+00  -5.5269220e+01   1.0000000e+00
   5.3333335e+00  -5.5318257e+01   1.0000000e+00
   5.1296188e+00  -5.5356815e+01   1.0000000e+00
   5.0000000e+00  -5.5388017e+01   1.0000000e+00
   4.6666665e+00  -5.5484338e+01   1.0000000e+00
   4.4590503e+00  -5.5545853e+01   1.0000000e+00
   4.3333335e+00  -5.5597397e+01   1.0000000e+00
   4.0000000e+00  -5.5705526e+01   1.0000000e+00
   3.8793059e+00  -5.5733982e+01   1.0000000e+00
   3.6666667e+00  -5.5791188e+01   1.0000000e+00
   3.3333333e+00  -5.5875379e+01   1.0000000e+00
   3.2033654e+00  -5.5921211e+01   1.0000000e+00
   3.0000000e+00  -5.6001440e+01   1.0000000e+00
   2.7151570e+00  -5.6107536e+01   1.0000000e+00
   2.6666667e+00  -5.6125154e+01   1.0000000e+00
   2.3333333e+00  -5.6234309e+01   1.0000000e+00
   2.0878682e+00  -5.6292969e+01   1.0000000e+00
   2.0000000e+00  -5.6308353e+01   1.0000000e+00
   1.6666666e+00  -5.6363296e+01   1.0000000e+00
   1.3333334e+00  -5.6419246e+01   1.0000000e+00
   1.0683990e+00  -5.6477505e+01   1.0000000e+00
   1.0000000e+00  -5.6499157e+01   1.0000000e+00
   6.6666669e-01  -5.6634232e+01   1.0000000e+00
   6.0311001e-01  -5.6661144e+01   1.0000000e+00
   3.3333334e-01  -5.6772747e+01   1.0000000e+00
   1.0590812e-01  -5.6843895e+01   1.0000000e+00
   0.0000000e+00  -5.6887297e+01   1.0000000e+00
   9.1119235e+01  -6.2699757e+01   2.0000000e+00
   9.1190088e+01  -6.2546478e+01   2.0000000e+00
   9.1267193e+01  -6.2392406e+01   2.0000000e+00
   9.1333336e+01  -6.2248913e+01   2.0000000e+00
   9.1414053e+01  -6.2237534e+01   2.0000000e+00
   9.1666664e+01  -6.2227315e+01   2.0000000e+00
   9.2000000e+01  -6.2209293e+01   2.0000000e+00
   9.2333336e+01  -6.2204109e+01   2.0000000e+00
   9.2545459e+01  -6.2237534e+01   2.0000000e+00
   9.2666664e+01  -6.2341382e+01   2.0000000e+00
   9.3000000e+01  -6.2307818e+01   2.0000000e+00
   9.3333336e+01  -6.2293995e+01   2.0000000e+00
   9.3666664e+01  -6.2285806e+01   2.0000000e+00
   9.3719955e+01  -6.2392406e+01   2.0000000e+00
   9.3834486e+01  -6.2546478e+01   2.0000000e+00
   9.3924643e+01  -6.2699757e+01   2.0000000e+00
   9.9333336e+01  -6.2789752e+01   3.0000000e+00
   9.9666664e+01  -6.2798605e+01   3.0000000e+00
   1.0000000e+02  -6.2806653e+01   3.0000000e+00
   1.0033334e+02  -6.2820914e+01   3.0000000e+00
   1.0039563e+02  -6.2852249e+01   3.0000000e+00
   1.0043042e+02  -6.3003952e+01   3.0000000e+00
   1.0033334e+02  -6.3017846e+01   3.0000000e+00
   1.0000000e+02  -6.3021830e+01   3.0000000e+00
   9.9711984e+01  -6.3154869e+01   3.0000000e+00
   9.9715783e+01  -6.3305004e+01   3.0000000e+00
   9.9666664e+01  -6.3327013e+01   3.0000000e+00
   1.1933334e+02  -6.3934678e+01   4.0000000e+00
   1.1966666e+02  -6.3937458e+01   4.0000000e+00
   1.2000000e+02  -6.3938257e+01   4.0000000e+00
   1.2033334e+02  -6.3945726e+01   4.0000000e+00
   1.2058824e+02  -6.4044075e+01   4.0000000e+00
   1.2062944e+02  -6.4189583e+01   4.0000000e+00
   1.2065733e+02  -6.4334335e+01   4.0000000e+00
   1.2066666e+02  -6.4381408e+01   4.0000000e+00
   1.2100000e+02  -6.4422659e+01   4.0000000e+00
   1.2133334e+02  -6.4448612e+01   4.0000000e+00
   1.2166666e+02  -6.4472890e+01   4.0000000e+00
   1.2200000e+02  -6.4348666e+01   4.0000000e+00
   1.2233334e+02  -6.4371700e+01   4.0000000e+00
   1.2266666e+02  -6.4397300e+01   4.0000000e+00
   1.2300000e+02  -6.4422220e+01   4.0000000e+00
   1.2310304e+02  -6.4478333e+01   4.0000000e+00
   1.2333334e+02  -6.4967667e+01   5.0000000e+00
   1.2339815e+02  -6.5046806e+01   5.0000000e+00
   1.3871151e+02  -6.4478333e+01   6.0000000e+00
   1.3900000e+02  -6.4465555e+01   6.0000000e+00
   1.3933333e+02  -6.4457673e+01   6.0000000e+00
   1.3966667e+02  -6.4456039e+01   6.0000000e+00
   1.4000000e+02  -6.4466345e+01   6.0000000e+00
   1.4019359e+02  -6.4478333e+01   6.0000000e+00
   1.4200000e+02  -6.4597423e+01   7.0000000e+00
   1.4233333e+02  -6.4619602e+01   7.0000000e+00
   1.4236590e+02  -6.4621574e+01   7.0000000e+00
   1.4266667e+02  -6.4656505e+01   7.0000000e+00
   1.4300000e+02  -6.4703857e+01   7.0000000e+00
   1.4310801e+02  -6.4764061e+01   7.0000000e+00
   1.4333333e+02  -6.4874021e+01   7.0000000e+00
   1.4356014e+02  -6.4905807e+01   7.0000000e+00
   1.4366667e+02  -6.4922249e+01   7.0000000e+00
   1.4400000e+02  -6.4975933e+01   7.0000000e+00
   1.4433333e+02  -6.5029319e+01   7.0000000e+00
   1.4466667e+02  -6.4967174e+01   7.0000000e+00
   1.4500000e+02  -6.5023452e+01   7.0000000e+00
   1.4512797e+02  -6.5046806e+01   7.0000000e+00
   1.5896720e+02  -6.3897800e+01   8.0000000e+00
   1.5900000e+02  -6.3880010e+01   8.0000000e+00
   1.5915423e+02  -6.3750755e+01   8.0000000e+00
   1.5930158e+02  -6.3602947e+01   8.0000000e+00
   1.5933333e+02  -6.3588150e+01   8.0000000e+00
   1.5966667e+02  -6.3528590e+01   8.0000000e+00
   1.6000000e+02  -6.3498949e+01   8.0000000e+00
   1.6033333e+02  -6.3456734e+01   8.0000000e+00
   1.6054053e+02  -6.3602947e+01   8.0000000e+00
   1.6066166e+02  -6.3750755e+01   8.0000000e+00
   1.6066667e+02  -6.3756307e+01   8.0000000e+00
   1.6069232e+02  -6.3750755e+01   8.0000000e+00
   1.6100000e+02  -6.3685946e+01   8.0000000e+00
   1.6133333e+02  -6.3606923e+01   8.0000000e+00
   1.6135138e+02  -6.3602947e+01   8.0000000e+00
   1.6166667e+02  -6.3542756e+01   8.0000000e+00
   1.6200000e+02  -6.3505262e+01   8.0000000e+00
   1.6228163e+02  -6.3454365e+01   8.0000000e+00
   1.6233333e+02  -6.3450548e+01   8.0000000e+00
   1.6266667e+02  -6.3431629e+01   8.0000000e+00
   1.6300000e+02  -6.3415180e+01   8.0000000e+00
   1.6333333e+02  -6.3425181e+01   8.0000000e+00
   1.6366667e+02  -6.3421173e+01   8.0000000e+00
   1.6400000e+02  -6.3424011e+01   8.0000000e+00
   1.6433333e+02  -6.3433844e+01   8.0000000e+00
   1.6466667e+02  -6.3436281e+01   8.0000000e+00
   1.6500000e+02  -6.3449930e+01   8.0000000e+00
   1.6506627e+02  -6.3454365e+01   8.0000000e+00
   1.6533333e+02  -6.3485030e+01   8.0000000e+00
   1.6566667e+02  -6.3529391e+01   8.0000000e+00
   1.6600000e+02  -6.3575709e+01   8.0000000e+00
   1.6615958e+02  -6.3602947e+01   8.0000000e+00
   1.6633333e+02  -6.3640452e+01   8.0000000e+00
   1.6666667e+02  -6.3710348e+01   8.0000000e+00
   1.6685409e+02  -6.3750755e+01   8.0000000e+00
   1.6700000e+02  -6.3782680e+01   8.0000000e+00
   1.6733333e+02  -6.3864177e+01   8.0000000e+00
   1.6745872e+02  -6.3897800e+01   8.0000000e+00
   1.6755469e+02  -6.4044075e+01   8.0000000e+00
   1.6766667e+02  -6.4107905e+01   8.0000000e+00
   1.6782241e+02  -6.4189583e+01   8.0000000e+00
   1.6800000e+02  -6.4256590e+01   8.0000000e+00
   1.6815159e+02  -6.4334335e+01   8.0000000e+00
   1.6833333e+02  -6.4425289e+01   8.0000000e+00
   1.6842687e+02  -6.4478333e+01   8.0000000e+00
   3.0833334e+02  -6.2891813e+01   9.0000000e+00
   3.0800000e+02  -6.2891928e+01   9.0000000e+00
   3.0766666e+02  -6.2892375e+01   9.0000000e+00
   3.0757850e+02  -6.2852249e+01   9.0000000e+00
   3.0733334e+02  -6.2742085e+01   9.0000000e+00
   3.0700000e+02  -6.2740705e+01   9.0000000e+00
   3.0691049e+02  -6.2699757e+01   9.0000000e+00
   3.0691119e+02  -6.2546478e+01   9.0000000e+00
   3.0691576e+02  -6.2392406e+01   9.0000000e+00
   3.0692207e+02  -6.2237534e+01   9.0000000e+00
   3.0692903e+02  -6.2081867e+01   9.0000000e+00
   3.0700000e+02  -6.2048554e+01   9.0000000e+00
   3.0733334e+02  -6.2047443e+01   9.0000000e+00
   3.0759980e+02  -6.1925392e+01   9.0000000e+00
   3.0766666e+02  -6.1893845e+01   9.0000000e+00
   3.0800000e+02  -6.1893262e+01   9.0000000e+00
   3.0827499e+02  -6.1768116e+01   9.0000000e+00
   3.0833334e+02  -6.1740441e+01   9.0000000e+00
   3.0861628e+02  -6.1610031e+01   9.0000000e+00
   3.0866666e+02  -6.1586018e+01   9.0000000e+00
   3.0896173e+02  -6.1451138e+01   9.0000000e+00
   3.0900000e+02  -6.1432801e+01   9.0000000e+00
   3.0930707e+02  -6.1291428e+01   9.0000000e+00
   3.0933334e+02  -6.1278775e+01   9.0000000e+00
   3.0965148e+02  -6.1130898e+01   9.0000000e+00
   3.0966666e+02  -6.1123553e+01   9.0000000e+00
   3.0999640e+02  -6.0969551e+01   9.0000000e+00
   3.1000000e+02  -6.0967800e+01   9.0000000e+00
   3.1033334e+02  -6.0905782e+01   9.0000000e+00
   3.1066666e+02  -6.0872299e+01   9.0000000e+00
   3.1100000e+02  -6.0839519e+01   9.0000000e+00
   3.1133334e+02  -6.0832967e+01   9.0000000e+00
   3.1166666e+02  -6.0824896e+01   9.0000000e+00
   3.1200000e+02  -6.0828183e+01   9.0000000e+00
   3.1200576e+02  -6.0807381e+01   9.0000000e+00
   3.1200000e+02  -6.0804566e+01   9.0000000e+00
   3.1170862e+02  -6.0644386e+01   9.0000000e+00
   3.1200000e+02  -6.0515440e+01   9.0000000e+00
   3.1207097e+02  -6.0480560e+01   9.0000000e+00
   3.1233334e+02  -6.0365677e+01   9.0000000e+00
   3.1266666e+02  -6.0366005e+01   9.0000000e+00
   3.1276808e+02  -6.0315907e+01   9.0000000e+00
   3.1279113e+02  -6.0150417e+01   9.0000000e+00
   3.1300000e+02  -6.0056652e+01   9.0000000e+00
   3.1333334e+02  -6.0058563e+01   9.0000000e+00
   3.1353173e+02  -6.0150417e+01   9.0000000e+00
   3.1366666e+02  -6.0217408e+01   9.0000000e+00
   3.1400000e+02  -6.0217966e+01   9.0000000e+00
   3.1421797e+02  -6.0315907e+01   9.0000000e+00
   3.1433334e+02  -6.0372897e+01   9.0000000e+00
   3.1466666e+02  -6.0371941e+01   9.0000000e+00
   3.1500000e+02  -6.0370931e+01   9.0000000e+00
   3.1533334e+02  -6.0369814e+01   9.0000000e+00
   3.1566666e+02  -6.0369776e+01   9.0000000e+00
   3.1589007e+02  -6.0480560e+01   9.0000000e+00
   3.1600000e+02  -6.0534588e+01   9.0000000e+00
   3.1633334e+02  -6.0527417e+01   9.0000000e+00
   3.1666666e+02  -6.0518028e+01   9.0000000e+00
   3.1696581e+02  -6.0644386e+01   9.0000000e+00
   3.1700000e+02  -6.0661104e+01   9.0000000e+00
   3.1703419e+02  -6.0644386e+01   9.0000000e+00
   3.1733334e+02  -6.0506421e+01   9.0000000e+00
   3.1766666e+02  -6.0503813e+01   9.0000000e+00
   3.1799169e+02  -6.0644386e+01   9.0000000e+00
   3.1800000e+02  -6.0703010e+01   9.0000000e+00
   3.1833334e+02  -6.0694142e+01   9.0000000e+00
   3.1866666e+02  -6.0709391e+01   9.0000000e+00
   3.1900000e+02  -6.0708343e+01   9.0000000e+00
   3.1933334e+02  -6.0780785e+01   9.0000000e+00
   3.1966666e+02  -6.0686686e+01   9.0000000e+00
   3.2000000e+02  -6.0685143e+01   9.0000000e+00
   3.2033334e+02  -6.0700378e+01   9.0000000e+00
   3.2066666e+02  -6.0670219e+01   9.0000000e+00
   3.2100000e+02  -6.0682681e+01   9.0000000e+00
   3.2133334e+02  -6.0670713e+01   9.0000000e+00
   3.2166666e+02  -6.0658348e+01   9.0000000e+00
   3.2670240e+02  -6.0150417e+01   1.0000000e+01
   3.2672564e+02  -5.9984089e+01   1.0000000e+01
   3.2700000e+02  -5.9853334e+01   1.0000000e+01
   3.2707261e+02  -5.9816921e+01   1.0000000e+01
   3.2733334e+02  -5.9651409e+01   1.0000000e+01
   3.2740620e+02  -5.9648911e+01   1.0000000e+01
   3.2766666e+02  -5.9602430e+01   1.0000000e+01
   3.2800000e+02  -5.9542075e+01   1.0000000e+01
   3.2823995e+02  -5.9480057e+01   1.0000000e+01
   3.2833334e+02  -5.9427641e+01   1.0000000e+01
   3.2849971e+02  -5.9310352e+01   1.0000000e+01
   3.2866666e+02  -5.9202090e+01   1.0000000e+01
   3.2879296e+02  -5.9139797e+01   1.0000000e+01
   3.2900000e+02  -5.9027256e+01   1.0000000e+01
   3.2910746e+02  -5.8968388e+01   1.0000000e+01
   3.2933334e+02  -5.8845151e+01   1.0000000e+01
   3.2941218e+02  -5.8796120e+01   1.0000000e+01
   3.2966666e+02  -5.8636167e+01   1.0000000e+01
   3.2968454e+02  -5.8622997e+01   1.0000000e+01
   3.2993851e+02  -5.8449009e+01   1.0000000e+01
   3.3000000e+02  -5.8406324e+01   1.0000000e+01
   3.3021562e+02  -5.8274158e+01   1.0000000e+01
   3.3033334e+02  -5.8201318e+01   1.0000000e+01
   3.3050850e+02  -5.8098438e+01   1.0000000e+01
   3.3066666e+02  -5.7987839e+01   1.0000000e+01
   3.3079163e+02  -5.7921848e+01   1.0000000e+01
   3.3100000e+02  -5.7792826e+01   1.0000000e+01
   3.3113989e+02  -5.7744385e+01   1.0000000e+01
   3.3133334e+02  -5.7646732e+01   1.0000000e+01
   3.3144993e+02  -5.7566048e+01   1.0000000e+01
   3.3160655e+02  -5.7386833e+01   1.0000000e+01
   3.3166666e+02  -5.7304439e+01   1.0000000e+01
   3.3174825e+02  -5.7206738e+01   1.0000000e+01
   3.3200000e+02  -5.7028467e+01   1.0000000e+01
   3.3201429e+02  -5.7025761e+01   1.0000000e+01
   3.3233334e+02  -5.6985715e+01   1.0000000e+01
   3.3234847e+02  -5.6843895e+01   1.0000000e+01
   3.3236777e+02  -5.6661144e+01   1.0000000e+01
   3.3233334e+02  -5.6642179e+01   1.0000000e+01
   3.3229892e+02  -5.6661144e+01   1.0000000e+01
   3.3200000e+02  -5.6833917e+01   1.0000000e+01
   3.3166666e+02  -5.6825854e+01   1.0000000e+01
   3.3140019e+02  -5.6661144e+01   1.0000000e+01
   3.3166666e+02  -5.6513884e+01   1.0000000e+01
   3.3173269e+02  -5.6477505e+01   1.0000000e+01
   3.3200000e+02  -5.6330898e+01   1.0000000e+01
   3.3206852e+02  -5.6292969e+01   1.0000000e+01
   3.3200000e+02  -5.6254855e+01   1.0000000e+01
   3.3175595e+02  -5.6107536e+01   1.0000000e+01
   3.3166666e+02  -5.6057622e+01   1.0000000e+01
   3.3143775e+02  -5.5921211e+01   1.0000000e+01
   3.3144697e+02  -5.5733982e+01   1.0000000e+01
   3.3166666e+02  -5.5615233e+01   1.0000000e+01
   3.3200000e+02  -5.5617250e+01   1.0000000e+01
   3.3233334e+02  -5.5623750e+01   1.0000000e+01
   3.3253615e+02  -5.5733982e+01   1.0000000e+01
   3.3266666e+02  -5.5807289e+01   1.0000000e+01
   3.3288206e+02  -5.5921211e+01   1.0000000e+01
   3.3300000e+02  -5.5987136e+01   1.0000000e+01
   3.3322068e+02  -5.6107536e+01   1.0000000e+01
   3.3323310e+02  -5.6292969e+01   1.0000000e+01
   3.3324812e+02  -5.6477505e+01   1.0000000e+01
   3.3326210e+02  -5.6661144e+01   1.0000000e+01
   3.3333334e+02  -5.6700202e+01   1.0000000e+01
   3.3359794e+02  -5.6843895e+01   1.0000000e+01
   3.3361572e+02  -5.7025761e+01   1.0000000e+01
   3.3363396e+02  -5.7206738e+01   1.0000000e+01
   3.3365614e+02  -5.7386833e+01   1.0000000e+01
   3.3366666e+02  -5.7392486e+01   1.0000000e+01
   3.3398500e+02  -5.7566048e+01   1.0000000e+01
   3.3400000e+02  -5.7741864e+01   1.0000000e+01
   3.3400307e+02  -5.7744385e+01   1.0000000e+01
   3.3420631e+02  -5.7921848e+01   1.0000000e+01
   3.3433334e+02  -5.8041110e+01   1.0000000e+01
   3.3439021e+02  -5.8098438e+01   1.0000000e+01
   3.3462577e+02  -5.8274158e+01   1.0000000e+01
   3.3466666e+02  -5.8275723e+01   1.0000000e+01
   3.3498107e+02  -5.8449009e+01   1.0000000e+01
   3.3499604e+02  -5.8622997e+01   1.0000000e+01
   3.3500000e+02  -5.8680642e+01   1.0000000e+01
   3.3506945e+02  -5.8796120e+01   1.0000000e+01
   3.3533334e+02  -5.8961495e+01   1.0000000e+01
   3.3534721e+02  -5.8968388e+01   1.0000000e+01
   3.3550596e+02  -5.9139797e+01   1.0000000e+01
   3.3566666e+02  -5.9280153e+01   1.0000000e+01
   3.3569530e+02  -5.9310352e+01   1.0000000e+01
   3.3585712e+02  -5.9480057e+01   1.0000000e+01
   3.3600000e+02  -5.9601011e+01   1.0000000e+01
   3.3605653e+02  -5.9648911e+01   1.0000000e+01
   3.3626383e+02  -5.9816921e+01   1.0000000e+01
   3.3633334e+02  -5.9873149e+01   1.0000000e+01
   3.3643610e+02  -5.9984089e+01   1.0000000e+01
   3.3661131e+02  -6.0150417e+01   1.0000000e+01
   3.3666666e+02  -6.0426470e+01   1.1000000e+01
   3.3681649e+02  -6.0480560e+01   1.1000000e+01
   3.3700000e+02  -6.0559260e+01   1.1000000e+01
   3.3725435e+02  -6.0644386e+01   1.1000000e+01
   3.3733334e+02  -6.0668306e+01   1.1000000e+01
   3.3766666e+02  -6.0748525e+01   1.1000000e+01
   3.3800000e+02  -6.0741817e+01   1.1000000e+01
   3.3833334e+02  -6.0775963e+01   1.1000000e+01
   3.3866666e+02  -6.0798381e+01   1.1000000e+01
   3.3893454e+02  -6.0807381e+01   1.1000000e+01
   3.4237276e+02  -6.0150417e+01   1.2000000e+01
   3.4266666e+02  -6.0063473e+01   1.2000000e+01
   3.4300000e+02  -6.0037656e+01   1.2000000e+01
   3.4333334e+02  -6.0072911e+01   1.2000000e+01
   3.4366666e+02  -6.0022048e+01   1.2000000e+01
   3.4378760e+02  -5.9984089e+01   1.2000000e+01
   3.4400000e+02  -5.9924905e+01   1.2000000e+01
   3.4433334e+02  -5.9832715e+01   1.2000000e+01
   3.4434113e+02  -5.9816921e+01   1.2000000e+01
   3.4441453e+02  -5.9648911e+01   1.2000000e+01
   3.4466666e+02  -5.9529421e+01   1.2000000e+01
   3.4500000e+02  -5.9505655e+01   1.2000000e+01
   3.4533334e+02  -5.9485106e+01   1.2000000e+01
   3.4540988e+02  -5.9480057e+01   1.2000000e+01
   3.4566666e+02  -5.9414432e+01   1.2000000e+01
   3.4600000e+02  -5.9340376e+01   1.2000000e+01
   3.4613333e+02  -5.9310352e+01   1.2000000e+01
   3.4633334e+02  -5.9267651e+01   1.2000000e+01
   3.4666666e+02  -5.9209053e+01   1.2000000e+01
   3.4700000e+02  -5.9152194e+01   1.2000000e+01
   3.4705002e+02  -5.9139797e+01   1.2000000e+01
   3.4733334e+02  -5.9055930e+01   1.2000000e+01
   3.4766666e+02  -5.8998470e+01   1.2000000e+01
   3.4784648e+02  -5.8968388e+01   1.2000000e+01
   3.4800000e+02  -5.8942858e+01   1.2000000e+01
   3.4833334e+02  -5.8896136e+01   1.2000000e+01
   3.4866666e+02  -5.8844059e+01   1.2000000e+01
   3.4900000e+02  -5.8810316e+01   1.2000000e+01
   3.4912030e+02  -5.8796120e+01   1.2000000e+01
   3.4933334e+02  -5.8769220e+01   1.2000000e+01
   3.4966666e+02  -5.8726922e+01   1.2000000e+01
   3.5000000e+02  -5.8663846e+01   1.2000000e+01
   3.5032212e+02  -5.8622997e+01   1.2000000e+01
   3.5033334e+02  -5.8621605e+01   1.2000000e+01
   3.5066666e+02  -5.8578397e+01   1.2000000e+01
   3.5100000e+02  -5.8528544e+01   1.2000000e+01
   3.5127489e+02  -5.8449009e+01   1.2000000e+01
   3.5133334e+02  -5.8433657e+01   1.2000000e+01
   3.5166666e+02  -5.8386446e+01   1.2000000e+01
   3.5200000e+02  -5.8344159e+01   1.2000000e+01
   3.5233334e+02  -5.8307919e+01   1.2000000e+01
   3.5265597e+02  -5.8274158e+01   1.2000000e+01
   3.5266666e+02  -5.8273335e+01   1.2000000e+01
   3.5300000e+02  -5.8244586e+01   1.2000000e+01
   3.5333334e+02  -5.8208149e+01   1.2000000e+01
   3.5366666e+02  -5.8162755e+01   1.2000000e+01
   3.5393735e+02  -5.8098438e+01   1.2000000e+01
   3.5400000e+02  -5.8078595e+01   1.2000000e+01
   3.5433334e+02  -5.8011789e+01   1.2000000e+01
   3.5466666e+02  -5.7955286e+01   1.2000000e+01
   3.5485731e+02  -5.7921848e+01   1.2000000e+01
   3.5500000e+02  -5.7898223e+01   1.2000000e+01
   3.5533334e+02  -5.7827568e+01   1.2000000e+01
   3.5566666e+02  -5.7758670e+01   1.2000000e+01
   3.5573585e+02  -5.7744385e+01   1.2000000e+01
   3.5600000e+02  -5.7685924e+01   1.2000000e+01
   3.5633334e+02  -5.7599244e+01   1.2000000e+01
   3.5643163e+02  -5.7566048e+01   1.2000000e+01
   3.5666666e+02  -5.7496347e+01   1.2000000e+01
   3.5700000e+02  -5.7414897e+01   1.2000000e+01
   3.5717169e+02  -5.7386833e+01   1.2000000e+01
   3.5733334e+02  -5.7355432e+01   1.2000000e+01
   3.5766666e+02  -5.7320884e+01   1.2000000e+01
   3.5800000e+02  -5.7302106e+01   1.2000000e+01
   3.5833334e+02  -5.7282686e+01   1.2000000e+01
   3.5866666e+02  -5.7237506e+01   1.2000000e+01
   3.5881274e+02  -5.7206738e+01   1.2000000e+01
   3.5900000e+02  -5.7119296e+01   1.2000000e+01
   3.5933334e+02  -5.7059131e+01   1.2000000e+01
   3.5954246e+02  -5.7025761e+01   1.2000000e+01
   3.5966666e+02  -5.7006723e+01   1.2000000e+01
   3.6000000e+02  -5.6887297e+01   1.2000000e+01
   3.3266666e+02  -5.7024076e+01   1.3000000e+01
   3.3252982e+02  -5.7025761e+01   1.3000000e+01
   3.3266666e+02  -5.7057204e+01   1.3000000e+01
   3.3266974e+02  -5.7025761e+01   1.3000000e+01
   3.3266666e+02  -5.7024076e+01   1.3000000e+01
