   0.0000000e+00  -4.9283296e+01   1.0000000e+00
   3.3333334e-01  -4.9379787e+01   1.0000000e+00
   6.4434565e-01  -4.9472034e+01   1.0000000e+00
   6.6666669e-01  -4.9478967e+01   1.0000000e+00
   1.0000000e+00  -4.9572918e+01   1.0000000e+00
   1.3333334e+00  -4.9649517e+01   1.0000000e+00
   1.5336581e+00  -4.9688164e+01   1.0000000e+00
   1.6666666e+00  -4.9713596e+01   1.0000000e+00
   2.0000000e+00  -4.9792263e+01   1.0000000e+00
   2.3333333e+00  -4.9893359e+01   1.0000000e+00
   2.3645423e+00  -4.9903336e+01   1.0000000e+00
   2.6666667e+00  -4.9993596e+01   1.0000000e+00
   3.0000000e+00  -5.0072810e+01   1.0000000e+00
   3.2942068e+00  -5.0117550e+01   1.0000000e+00
   3.3333333e+00  -5.0122711e+01   1.0000000e+00
   3.6666667e+00  -5.0158108e+01   1.0000000e+00
   4.0000000e+00  -5.0187469e+01   1.0000000e+00
   4.3333335e+00  -5.0204133e+01   1.0000000e+00
   4.6666665e+00  -5.0215929e+01   1.0000000e+00
   5.0000000e+00  -5.0229321e+01   1.0000000e+00
   5.3333335e+00  -5.0237040e+01   1.0000000e+00
   5.6666665e+00  -5.0239018e+01   1.0000000e+00
   6.0000000e+00  -5.0231116e+01   1.0000000e+00
   6.3333335e+00  -5.0210169e+01   1.0000000e+00
   6.6666665e+00  -5.0182189e+01   1.0000000e+00
   7.0000000e+00  -5.0145924e+01   1.0000000e+00
   7.2664528e+00  -5.0117550e+01   1.0000000e+00
   7.3333335e+00  -5.0110601e+01   1.0000000e+00
   7.6666665e+00  -5.0077463e+01   1.0000000e+00
   8.0000000e+00  -5.0043750e+01   1.0000000e+00
   8.3333330e+00  -5.0019725e+01   1.0000000e+00
   8.6666670e+00  -5.0000101e+01   1.0000000e+00
   9.0000000e+00  -4.9981745e+01   1.0000000e+00
   9.3333330e+00  -4.9964369e+01   1.0000000e+00
   9.6666670e+00  -4.9956310e+01   1.0000000e+00
   1.0000000e+01  -4.9960595e+01   1.0000000e+00
   1.0333333e+01  -4.9971456e+01   1.0000000e+00
   1.0666667e+01  -4.9978744e+01   1.0000000e+00
   1.1000000e+01  -4.9972186e+01   1.0000000e+00
   1.1333333e+01  -4.9958272e+01   1.0000000e+00
   1.1666667e+01  -4.9936958e+01   1.0000000e+00
   1.2000000e+01  -4.9913621e+01   1.0000000e+00
   1.2333333e+01  -4.9904806e+01   1.0000000e+00
   1.2666667e+01  -4.9911572e+01   1.0000000e+00
   1.3000000e+01  -4.9932203e+01   1.0000000e+00
   1.3333333e+01  -4.9963240e+01   1.0000000e+00
   1.3666667e+01  -5.0001951e+01   1.0000000e+00
   1.4000000e+01  -5.0043940e+01   1.0000000e+00
   1.4333333e+01  -5.0088796e+01   1.0000000e+00
   1.4524833e+01  -5.0117550e+01   1.0000000e+00
   1.4666667e+01  -5.0139091e+01   1.0000000e+00
   1.5000000e+01  -5.0185813e+01   1.0000000e+00
   1.5333333e+01  -5.0216425e+01   1.0000000e+00
   1.5666667e+01  -5.0243898e+01   1.0000000e+00
   1.6000000e+01  -5.0278056e+01   1.0000000e+00
   1.6333334e+01  -5.0304020e+01   1.0000000e+00
   1.6666666e+01  -5.0317481e+01   1.0000000e+00
   1.7000000e+01  -5.0317837e+01   1.0000000e+00
   1.7333334e+01  -5.0295562e+01   1.0000000e+00
   1.7666666e+01  -5.0246246e+01   1.0000000e+00
   1.8000000e+01  -5.0179026e+01   1.0000000e+00
   1.8310831e+01  -5.0117550e+01   1.0000000e+00
   1.8333334e+01  -5.0112730e+01   1.0000000e+00
   1.8666666e+01  -5.0055835e+01   1.0000000e+00
   1.9000000e+01  -4.9988254e+01   1.0000000e+00
   1.9333334e+01  -4.9906088e+01   1.0000000e+00
   1.9345260e+01  -4.9903336e+01   1.0000000e+00
   1.9666666e+01  -4.9832681e+01   1.0000000e+00
   2.0000000e+01  -4.9774442e+01   1.0000000e+00
   2.0333334e+01  -4.9748928e+01   1.0000000e+00
   2.0666666e+01  -4.9743829e+01   1.0000000e+00
   2.1000000e+01  -4.9746797e+01   1.0000000e+00
   2.1333334e+01  -4.9746356e+01   1.0000000e+00
   2.1666666e+01  -4.9732324e+01   1.0000000e+00
   2.2000000e+01  -4.9718958e+01   1.0000000e+00
   2.2333334e+01  -4.9729112e+01   1.0000000e+00
   2.2666666e+01  -4.9762406e+01   1.0000000e+00
   2.3000000e+01  -4.9805790e+01   1.0000000e+00
   2.3333334e+01  -4.9830851e+01   1.0000000e+00
   2.3666666e+01  -4.9836856e+01   1.0000000e+00
   2.4000000e+01  -4.9830671e+01   1.0000000e+00
   2.4333334e+01  -4.9819797e+01   1.0000000e+00
   2.4666666e+01  -4.9804470e+01   1.0000000e+00
   2.5000000e+01  -4.9772201e+01   1.0000000e+00
   2.5333334e+01  -4.9746036e+01   1.0000000e+00
   2.5666666e+01  -4.9726186e+01   1.0000000e+00
   2.6000000e+01  -4.9715000e+01   1.0000000e+00
   2.6333334e+01  -4.9723347e+01   1.0000000e+00
   2.6666666e+01  -4.9749962e+01   1.0000000e+00
   2.7000000e+01  -4.9801445e+01   1.0000000e+00
   2.7333334e+01  -4.9881851e+01   1.0000000e+00
   2.7403616e+01  -4.9903336e+01   1.0000000e+00
   2.7666666e+01  -4.9992445e+01   1.0000000e+00
   2.7951529e+01  -5.0117550e+01   1.0000000e+00
   2.8000000e+01  -5.0139422e+01   1.0000000e+00
   2.8333334e+01  -5.0280522e+01   1.0000000e+00
   2.8458795e+01  -5.0330811e+01   1.0000000e+00
   2.8666666e+01  -5.0411122e+01   1.0000000e+00
   2.9000000e+01  -5.0516964e+01   1.0000000e+00
   2.9133837e+01  -5.0543118e+01   1.0000000e+00
   2.9333334e+01  -5.0580797e+01   1.0000000e+00
   2.9666666e+01  -5.0633954e+01   1.0000000e+00
   3.0000000e+01  -5.0671524e+01   1.0000000e+00
   3.0333334e+01  -5.0674211e+01   1.0000000e+00
   3.0666666e+01  -5.0670894e+01   1.0000000e+00
   3.1000000e+01  -5.0651807e+01   1.0000000e+00
   3.1333334e+01  -5.0558859e+01   1.0000000e+00
   3.1365830e+01  -5.0543118e+01   1.0000000e+00
   3.1666666e+01  -5.0386427e+01   1.0000000e+00
   3.1768105e+01  -5.0330811e+01   1.0000000e+00
   3.2000000e+01  -5.0201368e+01   1.0000000e+00
   3.2178195e+01  -5.0117550e+01   1.0000000e+00
   3.2333332e+01  -5.0042198e+01   1.0000000e+00
   3.2652396e+01  -4.9903336e+01   1.0000000e+00
   3.2666668e+01  -4.9896252e+01   1.0000000e+00
   3.3000000e+01  -4.9718609e+01   1.0000000e+00
   3.3058929e+01  -4.9688164e+01   1.0000000e+00
   3.3333332e+01  -4.9531624e+01   1.0000000e+00
   3.3468697e+01  -4.9472034e+01   1.0000000e+00
   3.3666668e+01  -4.9406944e+01   1.0000000e+00
   3.4000000e+01  -4.9354018e+01   1.0000000e+00
   3.4333332e+01  -4.9352863e+01   1.0000000e+00
   3.4666668e+01  -4.9358107e+01   1.0000000e+00
   3.5000000e+01  -4.9373218e+01   1.0000000e+00
   3.5333332e+01  -4.9423555e+01   1.0000000e+00
   3.5597728e+01  -4.9472034e+01   1.0000000e+00
   3.5666668e+01  -4.9487224e+01   1.0000000e+00
   3.6000000e+01  -4.9559972e+01   1.0000000e+00
   3.6333332e+01  -4.9649428e+01   1.0000000e+00
   3.6459899e+01  -4.9688164e+01   1.0000000e+00
   3.6666668e+01  -4.9755205e+01   1.0000000e+00
   3.7000000e+01  -4.9849743e+01   1.0000000e+00
   3.7333332e+01  -4.9888300e+01   1.0000000e+00
   3.7666668e+01  -4.9889056e+01   1.0000000e+00
   3.8000000e+01  -4.9883994e+01   1.0000000e+00
   3.8333332e+01  -4.9843945e+01   1.0000000e+00
   3.8666668e+01  -4.9779963e+01   1.0000000e+00
   3.9000000e+01  -4.9714447e+01   1.0000000e+00
   3.9195983e+01  -4.9688164e+01   1.0000000e+00
   3.9333332e+01  -4.9670525e+01   1.0000000e+00
   3.9666668e+01  -4.9666224e+01   1.0000000e+00
   4.0000000e+01  -4.9685637e+01   1.0000000e+00
   4.0035531e+01  -4.9688164e+01   1.0000000e+00
   4.0333332e+01  -4.9708556e+01   1.0000000e+00
   4.0666668e+01  -4.9731195e+01   1.0000000e+00
   4.1000000e+01  -4.9759152e+01   1.0000000e+00
   4.1333332e+01  -4.9800750e+01   1.0000000e+00
   4.1666668e+01  -4.9849660e+01   1.0000000e+00
   4.2000000e+01  -4.9901474e+01   1.0000000e+00
   4.2012021e+01  -4.9903336e+01   1.0000000e+00
   4.2333332e+01  -4.9953813e+01   1.0000000e+00
   4.2666668e+01  -4.9995516e+01   1.0000000e+00
   4.3000000e+01  -5.0033242e+01   1.0000000e+00
   4.3333332e+01  -5.0072986e+01   1.0000000e+00
   4.3666668e+01  -5.0115257e+01   1.0000000e+00
   4.3686968e+01  -5.0117550e+01   1.0000000e+00
   4.4000000e+01  -5.0154757e+01   1.0000000e+00
   4.4333332e+01  -5.0184780e+01   1.0000000e+00
   4.4666668e+01  -5.0204754e+01   1.0000000e+00
   4.5000000e+01  -5.0214404e+01   1.0000000e+00
   4.5333332e+01  -5.0212692e+01   1.0000000e+00
   4.5666668e+01  -5.0191783e+01   1.0000000e+00
   4.6000000e+01  -5.0145588e+01   1.0000000e+00
   4.6239728e+01  -5.0117550e+01   1.0000000e+00
   4.6333332e+01  -5.0108853e+01   1.0000000e+00
   4.6666668e+01  -5.0111001e+01   1.0000000e+00
   4.6736062e+01  -5.0117550e+01   1.0000000e+00
   4.7000000e+01  -5.0151794e+01   1.0000000e+00
   4.7333332e+01  -5.0225923e+01   1.0000000e+00
   4.7666668e+01  -5.0326543e+01   1.0000000e+00
   4.7680937e+01  -5.0330811e+01   1.0000000e+00
   4.8000000e+01  -5.0499258e+01   1.0000000e+00
   4.8086294e+01  -5.0543118e+01   1.0000000e+00
   4.8333332e+01  -5.0707177e+01   1.0000000e+00
   4.8396022e+01  -5.0754475e+01   1.0000000e+00
   4.8666668e+01  -5.0911313e+01   1.0000000e+00
   4.8755682e+01  -5.0964882e+01   1.0000000e+00
   4.9000000e+01  -5.1065986e+01   1.0000000e+00
   4.9199121e+01  -5.1174343e+01   1.0000000e+00
   4.9333332e+01  -5.1242692e+01   1.0000000e+00
   4.9546321e+01  -5.1382851e+01   1.0000000e+00
   4.9666668e+01  -5.1444083e+01   1.0000000e+00
   5.0000000e+01  -5.1589026e+01   1.0000000e+00
   5.0005401e+01  -5.1590416e+01   1.0000000e+00
   5.0333332e+01  -5.1664723e+01   1.0000000e+00
   5.0666668e+01  -5.1708961e+01   1.0000000e+00
   5.1000000e+01  -5.1738421e+01   1.0000000e+00
   5.1333332e+01  -5.1729254e+01   1.0000000e+00
   5.1666668e+01  -5.1707226e+01   1.0000000e+00
   5.2000000e+01  -5.1723009e+01   1.0000000e+00
   5.2291810e+01  -5.1797039e+01   1.0000000e+00
   5.2333332e+01  -5.1810358e+01   1.0000000e+00
   5.2666668e+01  -5.1952141e+01   1.0000000e+00
   5.2932790e+01  -5.2002716e+01   1.0000000e+00
   5.3000000e+01  -5.2011501e+01   1.0000000e+00
   5.3333332e+01  -5.2004580e+01   1.0000000e+00
   5.3351733e+01  -5.2002716e+01   1.0000000e+00
   5.3666668e+01  -5.1964032e+01   1.0000000e+00
   5.4000000e+01  -5.1905604e+01   1.0000000e+00
   5.4333332e+01  -5.1853049e+01   1.0000000e+00
   5.4666668e+01  -5.1823451e+01   1.0000000e+00
   5.5000000e+01  -5.1801221e+01   1.0000000e+00
   5.5071132e+01  -5.1797039e+01   1.0000000e+00
   5.5333332e+01  -5.1779768e+01   1.0000000e+00
   5.5666668e+01  -5.1779522e+01   1.0000000e+00
   5.5948867e+01  -5.1797039e+01   1.0000000e+00
   5.6000000e+01  -5.1800622e+01   1.0000000e+00
   5.6333332e+01  -5.1831892e+01   1.0000000e+00
   5.6666668e+01  -5.1855562e+01   1.0000000e+00
   5.7000000e+01  -5.1888176e+01   1.0000000e+00
   5.7333332e+01  -5.1938654e+01   1.0000000e+00
   5.7666668e+01  -5.1984997e+01   1.0000000e+00
   5.7803737e+01  -5.2002716e+01   1.0000000e+00
   5.8000000e+01  -5.2025165e+01   1.0000000e+00
   5.8333332e+01  -5.2058008e+01   1.0000000e+00
   5.8666668e+01  -5.2077995e+01   1.0000000e+00
   5.9000000e+01  -5.2114186e+01   1.0000000e+00
   5.9291098e+01  -5.2207455e+01   1.0000000e+00
   5.9333332e+01  -5.2222126e+01   1.0000000e+00
   5.9666668e+01  -5.2394323e+01   1.0000000e+00
   5.9698128e+01  -5.2411255e+01   1.0000000e+00
   6.0000000e+01  -5.2551470e+01   1.0000000e+00
   6.0187713e+01  -5.2614117e+01   1.0000000e+00
   6.0333332e+01  -5.2661019e+01   1.0000000e+00
   6.0666668e+01  -5.2740102e+01   1.0000000e+00
   6.1000000e+01  -5.2782612e+01   1.0000000e+00
   6.1333332e+01  -5.2770995e+01   1.0000000e+00
   6.1666668e+01  -5.2757636e+01   1.0000000e+00
   6.2000000e+01  -5.2791640e+01   1.0000000e+00
   6.2110914e+01  -5.2816040e+01   1.0000000e+00
   6.2333332e+01  -5.2877547e+01   1.0000000e+00
   6.2666668e+01  -5.2986756e+01   1.0000000e+00
   6.2764628e+01  -5.3017033e+01   1.0000000e+00
   6.3000000e+01  -5.3087358e+01   1.0000000e+00
   6.3333332e+01  -5.3161099e+01   1.0000000e+00
   6.3666668e+01  -5.3194225e+01   1.0000000e+00
   6.4000000e+01  -5.3175921e+01   1.0000000e+00
   6.4333336e+01  -5.3128255e+01   1.0000000e+00
   6.4666664e+01  -5.3100650e+01   1.0000000e+00
   6.5000000e+01  -5.3090288e+01   1.0000000e+00
   6.5333336e+01  -5.3071004e+01   1.0000000e+00
   6.5666664e+01  -5.3036376e+01   1.0000000e+00
   6.5856525e+01  -5.3017033e+01   1.0000000e+00
   6.6000000e+01  -5.2995248e+01   1.0000000e+00
   6.6333336e+01  -5.2984593e+01   1.0000000e+00
   6.6519237e+01  -5.3017033e+01   1.0000000e+00
   6.6666664e+01  -5.3036387e+01   1.0000000e+00
   6.7000000e+01  -5.3084070e+01   1.0000000e+00
   6.7333336e+01  -5.3113772e+01   1.0000000e+00
   6.7666664e+01  -5.3133600e+01   1.0000000e+00
   6.8000000e+01  -5.3142813e+01   1.0000000e+00
   6.8333336e+01  -5.3129248e+01   1.0000000e+00
   6.8666664e+01  -5.3071888e+01   1.0000000e+00
   6.8963278e+01  -5.3017033e+01   1.0000000e+00
   6.9000000e+01  -5.3002282e+01   1.0000000e+00
   6.9333336e+01  -5.3003084e+01   1.0000000e+00
   6.9383430e+01  -5.3017033e+01   1.0000000e+00
   6.9666664e+01  -5.3051780e+01   1.0000000e+00
   7.0000000e+01  -5.3108170e+01   1.0000000e+00
   7.0333336e+01  -5.3144884e+01   1.0000000e+00
   7.0666664e+01  -5.3179179e+01   1.0000000e+00
   7.1000000e+01  -5.3206756e+01   1.0000000e+00
   7.1005873e+01  -5.3017033e+01   1.0000000e+00
   7.1009321e+01  -5.2816040e+01   1.0000000e+00
   7.1000000e+01  -5.2810394e+01   1.0000000e+00
   7.0677295e+01  -5.2614117e+01   1.0000000e+00
   7.0678509e+01  -5.2411255e+01   1.0000000e+00
   7.0678404e+01  -5.2207455e+01   1.0000000e+00
   7.0678080e+01  -5.2002716e+01   1.0000000e+00
   7.0666664e+01  -5.1995672e+01   1.0000000e+00
   7.0333336e+01  -5.1996674e+01   1.0000000e+00
   7.0000000e+01  -5.1997315e+01   1.0000000e+00
   6.9671995e+01  -5.1797039e+01   1.0000000e+00
   6.9669630e+01  -5.1590416e+01   1.0000000e+00
   6.9666664e+01  -5.1588569e+01   1.0000000e+00
   6.9334718e+01  -5.1382851e+01   1.0000000e+00
   6.9334158e+01  -5.1174343e+01   1.0000000e+00
   6.9334094e+01  -5.0964882e+01   1.0000000e+00
   6.9333336e+01  -5.0964403e+01   1.0000000e+00
   6.9332578e+01  -5.0964882e+01   1.0000000e+00
   6.9012165e+01  -5.1174343e+01   1.0000000e+00
   6.9000000e+01  -5.1188826e+01   1.0000000e+00
   6.8841872e+01  -5.1382851e+01   1.0000000e+00
   6.8666664e+01  -5.1533217e+01   1.0000000e+00
   6.8447492e+01  -5.1382851e+01   1.0000000e+00
   6.8473408e+01  -5.1174343e+01   1.0000000e+00
   6.8333336e+01  -5.1174118e+01   1.0000000e+00
   6.8000000e+01  -5.1172103e+01   1.0000000e+00
   6.7677280e+01  -5.0964882e+01   1.0000000e+00
   6.7666664e+01  -5.0958181e+01   1.0000000e+00
   6.7352225e+01  -5.0754475e+01   1.0000000e+00
   6.7333336e+01  -5.0742498e+01   1.0000000e+00
   6.7026188e+01  -5.0543118e+01   1.0000000e+00
   6.7029123e+01  -5.0330811e+01   1.0000000e+00
   6.7032492e+01  -5.0117550e+01   1.0000000e+00
   6.7000000e+01  -5.0096669e+01   1.0000000e+00
   6.6666664e+01  -5.0094089e+01   1.0000000e+00
   6.6333336e+01  -5.0091359e+01   1.0000000e+00
   6.6292581e+01  -5.0117550e+01   1.0000000e+00
   6.6000000e+01  -5.0301668e+01   1.0000000e+00
   6.5666664e+01  -5.0298134e+01   1.0000000e+00
   6.5615590e+01  -5.0330811e+01   1.0000000e+00
   6.5333336e+01  -5.0506916e+01   1.0000000e+00
   6.5276497e+01  -5.0543118e+01   1.0000000e+00
   6.5000000e+01  -5.0715275e+01   1.0000000e+00
   6.4666664e+01  -5.0713978e+01   1.0000000e+00
   6.4397240e+01  -5.0543118e+01   1.0000000e+00
   6.4333336e+01  -5.0502415e+01   1.0000000e+00
   6.4063969e+01  -5.0330811e+01   1.0000000e+00
   6.4000000e+01  -5.0289885e+01   1.0000000e+00
   6.3666668e+01  -5.0289410e+01   1.0000000e+00
   6.3399785e+01  -5.0117550e+01   1.0000000e+00
   6.3400966e+01  -4.9903336e+01   1.0000000e+00
   6.3333332e+01  -4.9859677e+01   1.0000000e+00
   6.3071127e+01  -4.9688164e+01   1.0000000e+00
   6.3073731e+01  -4.9472034e+01   1.0000000e+00
   6.3000000e+01  -4.9424017e+01   1.0000000e+00
   6.2744762e+01  -4.9254951e+01   1.0000000e+00
   6.2748196e+01  -4.9036907e+01   1.0000000e+00
   6.3000000e+01  -4.8874087e+01   1.0000000e+00
   6.3255628e+01  -4.9036907e+01   1.0000000e+00
   6.3333332e+01  -4.9087736e+01   1.0000000e+00
   6.3593660e+01  -4.9254951e+01   1.0000000e+00
   6.3666668e+01  -4.9302498e+01   1.0000000e+00
   6.4000000e+01  -4.9300881e+01   1.0000000e+00
   6.4266510e+01  -4.9472034e+01   1.0000000e+00
   6.4333336e+01  -4.9515363e+01   1.0000000e+00
   6.4400160e+01  -4.9472034e+01   1.0000000e+00
   6.4401564e+01  -4.9254951e+01   1.0000000e+00
   6.4402721e+01  -4.9036907e+01   1.0000000e+00
   6.4405880e+01  -4.8817902e+01   1.0000000e+00
   6.4409367e+01  -4.8597935e+01   1.0000000e+00
   6.4666664e+01  -4.8428982e+01   1.0000000e+00
   6.4745084e+01  -4.8377007e+01   1.0000000e+00
   6.4750947e+01  -4.8155117e+01   1.0000000e+00
   6.5000000e+01  -4.7992260e+01   1.0000000e+00
   6.5089742e+01  -4.7932262e+01   1.0000000e+00
   6.5097783e+01  -4.7708447e+01   1.0000000e+00
   6.5105197e+01  -4.7483662e+01   1.0000000e+00
   6.5113166e+01  -4.7257912e+01   1.0000000e+00
   6.5333336e+01  -4.7113151e+01   1.0000000e+00
   6.5453829e+01  -4.7031197e+01   1.0000000e+00
   6.5666664e+01  -4.6890398e+01   1.0000000e+00
   6.5793867e+01  -4.6803513e+01   1.0000000e+00
   6.6000000e+01  -4.6665859e+01   1.0000000e+00
   6.6132662e+01  -4.6574860e+01   1.0000000e+00
   6.6333336e+01  -4.6441266e+01   1.0000000e+00
   6.6472731e+01  -4.6345242e+01   1.0000000e+00
   6.6666664e+01  -4.6215402e+01   1.0000000e+00
   6.7000000e+01  -4.6215387e+01   1.0000000e+00
   6.7145622e+01  -4.6114651e+01   1.0000000e+00
   6.7333336e+01  -4.5988952e+01   1.0000000e+00
   6.7485719e+01  -4.5883095e+01   1.0000000e+00
   6.7666664e+01  -4.5762703e+01   1.0000000e+00
   6.8000000e+01  -4.5763666e+01   1.0000000e+00
   6.8179478e+01  -4.5883095e+01   1.0000000e+00
   6.8333336e+01  -4.5989974e+01   1.0000000e+00
   6.8520943e+01  -4.6114651e+01   1.0000000e+00
   6.8528749e+01  -4.6345242e+01   1.0000000e+00
   6.8666664e+01  -4.6440247e+01   1.0000000e+00
   6.8868205e+01  -4.6574860e+01   1.0000000e+00
   6.9000000e+01  -4.6665265e+01   1.0000000e+00
   6.9333336e+01  -4.6666967e+01   1.0000000e+00
   6.9532641e+01  -4.6803513e+01   1.0000000e+00
   6.9666664e+01  -4.6895059e+01   1.0000000e+00
   6.9800691e+01  -4.6803513e+01   1.0000000e+00
   7.0000000e+01  -4.6671927e+01   1.0000000e+00
   7.0333336e+01  -4.6674267e+01   1.0000000e+00
   7.0666664e+01  -4.6676352e+01   1.0000000e+00
   7.1000000e+01  -4.6678205e+01   1.0000000e+00
   7.1150659e+01  -4.6574860e+01   1.0000000e+00
   7.1333336e+01  -4.6455555e+01   1.0000000e+00
   7.1666664e+01  -4.6456636e+01   1.0000000e+00
   7.1850438e+01  -4.6574860e+01   1.0000000e+00
   7.1864196e+01  -4.6803513e+01   1.0000000e+00
   7.2000000e+01  -4.6896273e+01   1.0000000e+00
   7.2217801e+01  -4.7031197e+01   1.0000000e+00
   7.2333336e+01  -4.7109777e+01   1.0000000e+00
   7.2577843e+01  -4.7257912e+01   1.0000000e+00
   7.2666664e+01  -4.7318066e+01   1.0000000e+00
   7.2941542e+01  -4.7483662e+01   1.0000000e+00
   7.3000000e+01  -4.7523083e+01   1.0000000e+00
   7.3305071e+01  -4.7708447e+01   1.0000000e+00
   7.3333336e+01  -4.7727425e+01   1.0000000e+00
   7.3666664e+01  -4.7729034e+01   1.0000000e+00
   7.4000000e+01  -4.7897559e+01   1.0000000e+00
   7.4313246e+01  -4.7932262e+01   1.0000000e+00
   7.4333336e+01  -4.7935190e+01   1.0000000e+00
   7.4666664e+01  -4.7999280e+01   1.0000000e+00
   7.5000000e+01  -4.8082024e+01   1.0000000e+00
   7.5250826e+01  -4.8155117e+01   1.0000000e+00
   7.5333336e+01  -4.8182115e+01   1.0000000e+00
   7.5666664e+01  -4.8285993e+01   1.0000000e+00
   7.6000000e+01  -4.8364130e+01   1.0000000e+00
   7.6078159e+01  -4.8377007e+01   1.0000000e+00
   7.6333336e+01  -4.8423931e+01   1.0000000e+00
   7.6666664e+01  -4.8483149e+01   1.0000000e+00
   7.7000000e+01  -4.8566554e+01   1.0000000e+00
   7.7079349e+01  -4.8597935e+01   1.0000000e+00
   7.7333336e+01  -4.8733335e+01   1.0000000e+00
   7.7470592e+01  -4.8817902e+01   1.0000000e+00
   7.7666664e+01  -4.8931969e+01   1.0000000e+00
   7.7894564e+01  -4.9036907e+01   1.0000000e+00
   7.8000000e+01  -4.9079439e+01   1.0000000e+00
   7.8333336e+01  -4.9173693e+01   1.0000000e+00
   7.8666664e+01  -4.9245582e+01   1.0000000e+00
   7.8707853e+01  -4.9254951e+01   1.0000000e+00
   7.9000000e+01  -4.9325752e+01   1.0000000e+00
   7.9333336e+01  -4.9436011e+01   1.0000000e+00
   7.9442432e+01  -4.9472034e+01   1.0000000e+00
   7.9666664e+01  -4.9577532e+01   1.0000000e+00
   7.9904904e+01  -4.9688164e+01   1.0000000e+00
   8.0000000e+01  -4.9735661e+01   1.0000000e+00
   8.0333336e+01  -4.9853162e+01   1.0000000e+00
   8.0541621e+01  -4.9903336e+01   1.0000000e+00
   8.0666664e+01  -4.9928380e+01   1.0000000e+00
   8.1000000e+01  -4.9999085e+01   1.0000000e+00
   8.1333336e+01  -5.0065344e+01   1.0000000e+00
   8.1654978e+01  -5.0117550e+01   1.0000000e+00
   8.1666664e+01  -5.0119382e+01   1.0000000e+00
   8.2000000e+01  -5.0185535e+01   1.0000000e+00
   8.2333336e+01  -5.0265487e+01   1.0000000e+00
   8.2546910e+01  -5.0330811e+01   1.0000000e+00
   8.2666664e+01  -5.0367317e+01   1.0000000e+00
   8.3000000e+01  -5.0482527e+01   1.0000000e+00
   8.3166767e+01  -5.0543118e+01   1.0000000e+00
   8.3333336e+01  -5.0612665e+01   1.0000000e+00
   8.3648699e+01  -5.0754475e+01   1.0000000e+00
   8.3666664e+01  -5.0762949e+01   1.0000000e+00
   8.4000000e+01  -5.0893000e+01   1.0000000e+00
   8.4212933e+01  -5.0964882e+01   1.0000000e+00
   8.4333336e+01  -5.1000131e+01   1.0000000e+00
   8.4666664e+01  -5.1076307e+01   1.0000000e+00
   8.5000000e+01  -5.1103235e+01   1.0000000e+00
   8.5333336e+01  -5.1123093e+01   1.0000000e+00
   8.5533887e+01  -5.1174343e+01   1.0000000e+00
   8.5666664e+01  -5.1214866e+01   1.0000000e+00
   8.5989863e+01  -5.1382851e+01   1.0000000e+00
   8.6000000e+01  -5.1388217e+01   1.0000000e+00
   8.6333336e+01  -5.1558939e+01   1.0000000e+00
   8.6402317e+01  -5.1590416e+01   1.0000000e+00
   8.6666664e+01  -5.1710854e+01   1.0000000e+00
   8.6897790e+01  -5.1797039e+01   1.0000000e+00
   8.7000000e+01  -5.1834999e+01   1.0000000e+00
   8.7333336e+01  -5.1945234e+01   1.0000000e+00
   8.7514999e+01  -5.2002716e+01   1.0000000e+00
   8.7666664e+01  -5.2065057e+01   1.0000000e+00
   8.8000000e+01  -5.2183914e+01   1.0000000e+00
   8.8106856e+01  -5.2207455e+01   1.0000000e+00
   8.8333336e+01  -5.2266067e+01   1.0000000e+00
   8.8666664e+01  -5.2305398e+01   1.0000000e+00
   8.9000000e+01  -5.2315285e+01   1.0000000e+00
   8.9333336e+01  -5.2305496e+01   1.0000000e+00
   8.9666664e+01  -5.2300471e+01   1.0000000e+00
   9.0000000e+01  -5.2311370e+01   1.0000000e+00
   9.0333336e+01  -5.2315803e+01   1.0000000e+00
   9.0666664e+01  -5.2285920e+01   1.0000000e+00
   9.1000000e+01  -5.2216823e+01   1.0000000e+00
   9.1054786e+01  -5.2207455e+01   1.0000000e+00
   9.1333336e+01  -5.2146475e+01   1.0000000e+00
   9.1666664e+01  -5.2165072e+01   1.0000000e+00
   9.1835072e+01  -5.2207455e+01   1.0000000e+00
   9.2000000e+01  -5.2240766e+01   1.0000000e+00
   9.2333336e+01  -5.2327845e+01   1.0000000e+00
   9.2666664e+01  -5.2394324e+01   1.0000000e+00
   9.3000000e+01  -5.2410297e+01   1.0000000e+00
   9.3333336e+01  -5.2398258e+01   1.0000000e+00
   9.3666664e+01  -5.2381019e+01   1.0000000e+00
   9.4000000e+01  -5.2341943e+01   1.0000000e+00
   9.4333336e+01  -5.2258387e+01   1.0000000e+00
   9.4513797e+01  -5.2207455e+01   1.0000000e+00
   9.4666664e+01  -5.2160995e+01   1.0000000e+00
   9.5000000e+01  -5.2087908e+01   1.0000000e+00
   9.5333336e+01  -5.2014401e+01   1.0000000e+00
   9.5387944e+01  -5.2002716e+01   1.0000000e+00
   9.5666664e+01  -5.1950514e+01   1.0000000e+00
   9.6000000e+01  -5.1916303e+01   1.0000000e+00
   9.6333336e+01  -5.1899127e+01   1.0000000e+00
   9.6666664e+01  -5.1891417e+01   1.0000000e+00
   9.7000000e+01  -5.1897834e+01   1.0000000e+00
   9.7333336e+01  -5.1895285e+01   1.0000000e+00
   9.7666664e+01  -5.1851196e+01   1.0000000e+00
   9.7838205e+01  -5.1797039e+01   1.0000000e+00
   9.8000000e+01  -5.1747599e+01   1.0000000e+00
   9.8333336e+01  -5.1607124e+01   1.0000000e+00
   9.8371353e+01  -5.1590416e+01   1.0000000e+00
   9.8666664e+01  -5.1455403e+01   1.0000000e+00
   9.8851674e+01  -5.1382851e+01   1.0000000e+00
   9.9000000e+01  -5.1320721e+01   1.0000000e+00
   9.9333336e+01  -5.1226075e+01   1.0000000e+00
   9.9557213e+01  -5.1174343e+01   1.0000000e+00
   9.9666664e+01  -5.1146900e+01   1.0000000e+00
   1.0000000e+02  -5.1063788e+01   1.0000000e+00
   1.0033334e+02  -5.0994112e+01   1.0000000e+00
   1.0049271e+02  -5.0964882e+01   1.0000000e+00
   1.0066666e+02  -5.0932958e+01   1.0000000e+00
   1.0100000e+02  -5.0841533e+01   1.0000000e+00
   1.0129434e+02  -5.0754475e+01   1.0000000e+00
   1.0133334e+02  -5.0744721e+01   1.0000000e+00
   1.0166666e+02  -5.0680759e+01   1.0000000e+00
   1.0200000e+02  -5.0639960e+01   1.0000000e+00
   1.0233334e+02  -5.0592966e+01   1.0000000e+00
   1.0252900e+02  -5.0543118e+01   1.0000000e+00
   1.0266666e+02  -5.0505562e+01   1.0000000e+00
   1.0300000e+02  -5.0377546e+01   1.0000000e+00
   1.0311552e+02  -5.0330811e+01   1.0000000e+00
   1.0333334e+02  -5.0247743e+01   1.0000000e+00
   1.0366666e+02  -5.0155573e+01   1.0000000e+00
   1.0400000e+02  -5.0124310e+01   1.0000000e+00
   1.0433334e+02  -5.0145101e+01   1.0000000e+00
   1.0466666e+02  -5.0189540e+01   1.0000000e+00
   1.0500000e+02  -5.0248049e+01   1.0000000e+00
   1.0533334e+02  -5.0305890e+01   1.0000000e+00
   1.0557029e+02  -5.0330811e+01   1.0000000e+00
   1.0566666e+02  -5.0339770e+01   1.0000000e+00
   1.0600000e+02  -5.0355003e+01   1.0000000e+00
   1.0633334e+02  -5.0365619e+01   1.0000000e+00
   1.0666666e+02  -5.0377721e+01   1.0000000e+00
   1.0700000e+02  -5.0397475e+01   1.0000000e+00
   1.0733334e+02  -5.0420670e+01   1.0000000e+00
   1.0766666e+02  -5.0434851e+01   1.0000000e+00
   1.0800000e+02  -5.0433825e+01   1.0000000e+00
   1.0833334e+02  -5.0432103e+01   1.0000000e+00
   1.0866666e+02  -5.0451760e+01   1.0000000e+00
   1.0900000e+02  -5.0500013e+01   1.0000000e+00
   1.0923763e+02  -5.0543118e+01   1.0000000e+00
   1.0933334e+02  -5.0564378e+01   1.0000000e+00
   1.0966666e+02  -5.0631499e+01   1.0000000e+00
   1.1000000e+02  -5.0697799e+01   1.0000000e+00
   1.1032607e+02  -5.0754475e+01   1.0000000e+00
   1.1033334e+02  -5.0755537e+01   1.0000000e+00
   1.1066666e+02  -5.0780192e+01   1.0000000e+00
   1.1100000e+02  -5.0777657e+01   1.0000000e+00
   1.1133334e+02  -5.0767877e+01   1.0000000e+00
   1.1166666e+02  -5.0773254e+01   1.0000000e+00
   1.1200000e+02  -5.0796221e+01   1.0000000e+00
   1.1233334e+02  -5.0826688e+01   1.0000000e+00
   1.1266666e+02  -5.0857808e+01   1.0000000e+00
   1.1300000e+02  -5.0886794e+01   1.0000000e+00
   1.1333334e+02  -5.0912066e+01   1.0000000e+00
   1.1366666e+02  -5.0930532e+01   1.0000000e+00
   1.1400000e+02  -5.0945634e+01   1.0000000e+00
   1.1416409e+02  -5.0964882e+01   1.0000000e+00
   1.1433334e+02  -5.0987563e+01   1.0000000e+00
   1.1466666e+02  -5.1031378e+01   1.0000000e+00
   1.1500000e+02  -5.1075219e+01   1.0000000e+00
   1.1533334e+02  -5.1132962e+01   1.0000000e+00
   1.1556187e+02  -5.1174343e+01   1.0000000e+00
   1.1566666e+02  -5.1194379e+01   1.0000000e+00
   1.1600000e+02  -5.1259151e+01   1.0000000e+00
   1.1633334e+02  -5.1351019e+01   1.0000000e+00
   1.1644404e+02  -5.1382851e+01   1.0000000e+00
   1.1666666e+02  -5.1453536e+01   1.0000000e+00
   1.1700000e+02  -5.1554393e+01   1.0000000e+00
   1.1712335e+02  -5.1590416e+01   1.0000000e+00
   1.1733334e+02  -5.1663991e+01   1.0000000e+00
   1.1766666e+02  -5.1782428e+01   1.0000000e+00
   1.1770933e+02  -5.1797039e+01   1.0000000e+00
   1.1800000e+02  -5.1903167e+01   1.0000000e+00
   1.1832807e+02  -5.2002716e+01   1.0000000e+00
   1.1833334e+02  -5.2004956e+01   1.0000000e+00
   1.1866666e+02  -5.2107258e+01   1.0000000e+00
   1.1900000e+02  -5.2185607e+01   1.0000000e+00
   1.1908574e+02  -5.2207455e+01   1.0000000e+00
   1.1933334e+02  -5.2287736e+01   1.0000000e+00
   1.1966666e+02  -5.2400140e+01   1.0000000e+00
   1.1969885e+02  -5.2411255e+01   1.0000000e+00
   1.2000000e+02  -5.2528419e+01   1.0000000e+00
   1.2019038e+02  -5.2614117e+01   1.0000000e+00
   1.2033334e+02  -5.2685785e+01   1.0000000e+00
   1.2058845e+02  -5.2816040e+01   1.0000000e+00
   1.2066666e+02  -5.2848386e+01   1.0000000e+00
   1.2100000e+02  -5.2969957e+01   1.0000000e+00
   1.2112479e+02  -5.3017033e+01   1.0000000e+00
   1.2133334e+02  -5.3085646e+01   1.0000000e+00
   1.2166666e+02  -5.3209663e+01   1.0000000e+00
   1.2168470e+02  -5.3217094e+01   1.0000000e+00
   1.2200000e+02  -5.3346981e+01   1.0000000e+00
   1.2216806e+02  -5.3416225e+01   1.0000000e+00
   1.2233334e+02  -5.3493490e+01   1.0000000e+00
   1.2263704e+02  -5.3614426e+01   1.0000000e+00
   1.2266666e+02  -5.3626326e+01   1.0000000e+00
   1.2300000e+02  -5.3724800e+01   1.0000000e+00
   1.2333334e+02  -5.3803299e+01   1.0000000e+00
   1.2336659e+02  -5.3811703e+01   1.0000000e+00
   1.2366666e+02  -5.3888371e+01   1.0000000e+00
   1.2400000e+02  -5.3995667e+01   1.0000000e+00
   1.2403732e+02  -5.4008053e+01   1.0000000e+00
   1.2433334e+02  -5.4119608e+01   1.0000000e+00
   1.2462341e+02  -5.4203484e+01   1.0000000e+00
   1.2466666e+02  -5.4215764e+01   1.0000000e+00
   1.2500000e+02  -5.4285919e+01   1.0000000e+00
   1.2533334e+02  -5.4344842e+01   1.0000000e+00
   1.2566666e+02  -5.4390962e+01   1.0000000e+00
   1.2571809e+02  -5.4397995e+01   1.0000000e+00
   1.2600000e+02  -5.4434466e+01   1.0000000e+00
   1.2633334e+02  -5.4484187e+01   1.0000000e+00
   1.2666666e+02  -5.4551392e+01   1.0000000e+00
   1.2683947e+02  -5.4591587e+01   1.0000000e+00
   1.2700000e+02  -5.4637574e+01   1.0000000e+00
   1.2733334e+02  -5.4737781e+01   1.0000000e+00
   1.2747979e+02  -5.4784260e+01   1.0000000e+00
   1.2766666e+02  -5.4861558e+01   1.0000000e+00
   1.2792117e+02  -5.4976025e+01   1.0000000e+00
   1.2800000e+02  -5.5022761e+01   1.0000000e+00
   1.2820771e+02  -5.5166874e+01   1.0000000e+00
   1.2833333e+02  -5.5247723e+01   1.0000000e+00
   1.2849168e+02  -5.5356815e+01   1.0000000e+00
   1.2866667e+02  -5.5448576e+01   1.0000000e+00
   1.2884530e+02  -5.5545853e+01   1.0000000e+00
   1.2900000e+02  -5.5611824e+01   1.0000000e+00
   1.2933333e+02  -5.5721400e+01   1.0000000e+00
   1.2938976e+02  -5.5733982e+01   1.0000000e+00
   1.2966667e+02  -5.5788486e+01   1.0000000e+00
   1.3000000e+02  -5.5863597e+01   1.0000000e+00
   1.3020546e+02  -5.5921211e+01   1.0000000e+00
   1.3033333e+02  -5.5957090e+01   1.0000000e+00
   1.3066667e+02  -5.6046151e+01   1.0000000e+00
   1.3090474e+02  -5.6107536e+01   1.0000000e+00
   1.3100000e+02  -5.6129685e+01   1.0000000e+00
   1.3133333e+02  -5.6204834e+01   1.0000000e+00
   1.3166667e+02  -5.6278322e+01   1.0000000e+00
   1.3174008e+02  -5.6292969e+01   1.0000000e+00
   1.3200000e+02  -5.6341787e+01   1.0000000e+00
   1.3233333e+02  -5.6386551e+01   1.0000000e+00
   1.3266667e+02  -5.6406454e+01   1.0000000e+00
   1.3300000e+02  -5.6396460e+01   1.0000000e+00
   1.3333333e+02  -5.6368299e+01   1.0000000e+00
   1.3366667e+02  -5.6345978e+01   1.0000000e+00
   1.3400000e+02  -5.6324929e+01   1.0000000e+00
   1.3432294e+02  -5.6292969e+01   1.0000000e+00
   1.3433333e+02  -5.6291896e+01   1.0000000e+00
   1.3466667e+02  -5.6261288e+01   1.0000000e+00
   1.3500000e+02  -5.6248527e+01   1.0000000e+00
   1.3533333e+02  -5.6252703e+01   1.0000000e+00
   1.3566667e+02  -5.6281327e+01   1.0000000e+00
   1.3576894e+02  -5.6292969e+01   1.0000000e+00
   1.3600000e+02  -5.6318391e+01   1.0000000e+00
   1.3633333e+02  -5.6342110e+01   1.0000000e+00
   1.3666667e+02  -5.6355216e+01   1.0000000e+00
   1.3700000e+02  -5.6366070e+01   1.0000000e+00
   1.3733333e+02  -5.6338386e+01   1.0000000e+00
   1.3743821e+02  -5.6292969e+01   1.0000000e+00
   1.3766442e+02  -5.6107536e+01   1.0000000e+00
   1.3766667e+02  -5.6104401e+01   1.0000000e+00
   1.3775095e+02  -5.5921211e+01   1.0000000e+00
   1.3785362e+02  -5.5733982e+01   1.0000000e+00
   1.3798468e+02  -5.5545853e+01   1.0000000e+00
   1.3800000e+02  -5.5525493e+01   1.0000000e+00
   1.3810545e+02  -5.5356815e+01   1.0000000e+00
   1.3820905e+02  -5.5166874e+01   1.0000000e+00
   1.3833333e+02  -5.5022498e+01   1.0000000e+00
   1.3839096e+02  -5.4976025e+01   1.0000000e+00
   1.3866667e+02  -5.4853245e+01   1.0000000e+00
   1.3884842e+02  -5.4784260e+01   1.0000000e+00
   1.3900000e+02  -5.4722908e+01   1.0000000e+00
   1.3926749e+02  -5.4591587e+01   1.0000000e+00
   1.3933333e+02  -5.4557619e+01   1.0000000e+00
   1.3965767e+02  -5.4397995e+01   1.0000000e+00
   1.3966667e+02  -5.4393556e+01   1.0000000e+00
   1.4000000e+02  -5.4285942e+01   1.0000000e+00
   1.4033333e+02  -5.4245403e+01   1.0000000e+00
   1.4066667e+02  -5.4226614e+01   1.0000000e+00
   1.4100000e+02  -5.4220441e+01   1.0000000e+00
   1.4133333e+02  -5.4233080e+01   1.0000000e+00
   1.4166667e+02  -5.4247357e+01   1.0000000e+00
   1.4200000e+02  -5.4245420e+01   1.0000000e+00
   1.4233333e+02  -5.4237195e+01   1.0000000e+00
   1.4266667e+02  -5.4231663e+01   1.0000000e+00
   1.4300000e+02  -5.4244067e+01   1.0000000e+00
   1.4333333e+02  -5.4275538e+01   1.0000000e+00
   1.4366667e+02  -5.4319647e+01   1.0000000e+00
   1.4400000e+02  -5.4379048e+01   1.0000000e+00
   1.4408233e+02  -5.4397995e+01   1.0000000e+00
   1.4433333e+02  -5.4455141e+01   1.0000000e+00
   1.4466667e+02  -5.4532715e+01   1.0000000e+00
   1.4489164e+02  -5.4591587e+01   1.0000000e+00
   1.4500000e+02  -5.4622167e+01   1.0000000e+00
   1.4533333e+02  -5.4736028e+01   1.0000000e+00
   1.4547388e+02  -5.4784260e+01   1.0000000e+00
   1.4566667e+02  -5.4850553e+01   1.0000000e+00
   1.4600000e+02  -5.4952537e+01   1.0000000e+00
   1.4610498e+02  -5.4976025e+01   1.0000000e+00
   1.4633333e+02  -5.5028877e+01   1.0000000e+00
   1.4666667e+02  -5.5069441e+01   1.0000000e+00
   1.4700000e+02  -5.5090941e+01   1.0000000e+00
   1.4733333e+02  -5.5120375e+01   1.0000000e+00
   1.4766667e+02  -5.5159795e+01   1.0000000e+00
   1.4770171e+02  -5.5166874e+01   1.0000000e+00
   1.4800000e+02  -5.5239766e+01   1.0000000e+00
   1.4833333e+02  -5.5345788e+01   1.0000000e+00
   1.4836380e+02  -5.5356815e+01   1.0000000e+00
   1.4866667e+02  -5.5466773e+01   1.0000000e+00
   1.4894225e+02  -5.5545853e+01   1.0000000e+00
   1.4900000e+02  -5.5563650e+01   1.0000000e+00
   1.4933333e+02  -5.5625874e+01   1.0000000e+00
   1.4966667e+02  -5.5668086e+01   1.0000000e+00
   1.4996337e+02  -5.5733982e+01   1.0000000e+00
   1.5000000e+02  -5.5745052e+01   1.0000000e+00
   1.5033333e+02  -5.5858013e+01   1.0000000e+00
   1.5058220e+02  -5.5921211e+01   1.0000000e+00
   1.5066667e+02  -5.5941654e+01   1.0000000e+00
   1.5100000e+02  -5.6009823e+01   1.0000000e+00
   1.5133333e+02  -5.6070308e+01   1.0000000e+00
   1.5152319e+02  -5.6107536e+01   1.0000000e+00
   1.5166667e+02  -5.6136041e+01   1.0000000e+00
   1.5200000e+02  -5.6214847e+01   1.0000000e+00
   1.5233333e+02  -5.6291120e+01   1.0000000e+00
   1.5234246e+02  -5.6292969e+01   1.0000000e+00
   1.5266667e+02  -5.6362248e+01   1.0000000e+00
   1.5300000e+02  -5.6435915e+01   1.0000000e+00
   1.5321348e+02  -5.6477505e+01   1.0000000e+00
   1.5333333e+02  -5.6498036e+01   1.0000000e+00
   1.5366667e+02  -5.6542574e+01   1.0000000e+00
   1.5400000e+02  -5.6579067e+01   1.0000000e+00
   1.5433333e+02  -5.6607509e+01   1.0000000e+00
   1.5466667e+02  -5.6629559e+01   1.0000000e+00
   1.5500000e+02  -5.6646493e+01   1.0000000e+00
   1.5533333e+02  -5.6657196e+01   1.0000000e+00
   1.5540618e+02  -5.6661144e+01   1.0000000e+00
   1.5566667e+02  -5.6675431e+01   1.0000000e+00
   1.5600000e+02  -5.6693960e+01   1.0000000e+00
   1.5633333e+02  -5.6683044e+01   1.0000000e+00
   1.5647231e+02  -5.6661144e+01   1.0000000e+00
   1.5666667e+02  -5.6623465e+01   1.0000000e+00
   1.5700000e+02  -5.6517658e+01   1.0000000e+00
   1.5709284e+02  -5.6477505e+01   1.0000000e+00
   1.5733333e+02  -5.6396820e+01   1.0000000e+00
   1.5766667e+02  -5.6314653e+01   1.0000000e+00
   1.5800000e+02  -5.6293537e+01   1.0000000e+00
   1.5833333e+02  -5.6303507e+01   1.0000000e+00
   1.5866667e+02  -5.6331398e+01   1.0000000e+00
   1.5900000e+02  -5.6367518e+01   1.0000000e+00
   1.5933333e+02  -5.6421884e+01   1.0000000e+00
   1.5966667e+02  -5.6465429e+01   1.0000000e+00
   1.5996509e+02  -5.6477505e+01   1.0000000e+00
   1.6000000e+02  -5.6479015e+01   1.0000000e+00
   1.6033333e+02  -5.6487392e+01   1.0000000e+00
   1.6066667e+02  -5.6501673e+01   1.0000000e+00
   1.6100000e+02  -5.6532042e+01   1.0000000e+00
   1.6133333e+02  -5.6612627e+01   1.0000000e+00
   1.6145324e+02  -5.6661144e+01   1.0000000e+00
   1.6166667e+02  -5.6756241e+01   1.0000000e+00
   1.6182914e+02  -5.6843895e+01   1.0000000e+00
   1.6200000e+02  -5.6944506e+01   1.0000000e+00
   1.6213253e+02  -5.7025761e+01   1.0000000e+00
   1.6233333e+02  -5.7185076e+01   1.0000000e+00
   1.6236132e+02  -5.7206738e+01   1.0000000e+00
   1.6256482e+02  -5.7386833e+01   1.0000000e+00
   1.6266667e+02  -5.7481881e+01   1.0000000e+00
   1.6276196e+02  -5.7566048e+01   1.0000000e+00
   1.6297235e+02  -5.7744385e+01   1.0000000e+00
   1.6300000e+02  -5.7764887e+01   1.0000000e+00
   1.6319711e+02  -5.7921848e+01   1.0000000e+00
   1.6333333e+02  -5.8022859e+01   1.0000000e+00
   1.6343222e+02  -5.8098438e+01   1.0000000e+00
   1.6363830e+02  -5.8274158e+01   1.0000000e+00
   1.6366667e+02  -5.8303125e+01   1.0000000e+00
   1.6381534e+02  -5.8449009e+01   1.0000000e+00
   1.6400000e+02  -5.8590032e+01   1.0000000e+00
   1.6403953e+02  -5.8622997e+01   1.0000000e+00
   1.6428219e+02  -5.8796120e+01   1.0000000e+00
   1.6433333e+02  -5.8831886e+01   1.0000000e+00
   1.6448090e+02  -5.8968388e+01   1.0000000e+00
   1.6466667e+02  -5.9130087e+01   1.0000000e+00
   1.6467657e+02  -5.9139797e+01   1.0000000e+00
   1.6486912e+02  -5.9310352e+01   1.0000000e+00
   1.6500000e+02  -5.9410401e+01   1.0000000e+00
   1.6510472e+02  -5.9480057e+01   1.0000000e+00
   1.6533333e+02  -5.9598939e+01   1.0000000e+00
   1.6545040e+02  -5.9648911e+01   1.0000000e+00
   1.6566667e+02  -5.9737392e+01   1.0000000e+00
   1.6589468e+02  -5.9816921e+01   1.0000000e+00
   1.6600000e+02  -5.9849505e+01   1.0000000e+00
   1.6633333e+02  -5.9944470e+01   1.0000000e+00
   1.6646058e+02  -5.9984089e+01   1.0000000e+00
   1.6666667e+02  -6.0035589e+01   1.0000000e+00
   1.6700000e+02  -6.0132884e+01   1.0000000e+00
   1.6705710e+02  -6.0150417e+01   1.0000000e+00
   1.6733333e+02  -6.0220318e+01   1.0000000e+00
   1.6766667e+02  -6.0298106e+01   1.0000000e+00
   1.6774816e+02  -6.0315907e+01   1.0000000e+00
   1.6800000e+02  -6.0366980e+01   1.0000000e+00
   1.6833333e+02  -6.0438284e+01   1.0000000e+00
   1.6852197e+02  -6.0480560e+01   1.0000000e+00
   1.6866667e+02  -6.0513710e+01   1.0000000e+00
   1.6900000e+02  -6.0589084e+01   1.0000000e+00
   1.6925713e+02  -6.0644386e+01   1.0000000e+00
   1.6933333e+02  -6.0660853e+01   1.0000000e+00
   1.6966667e+02  -6.0728744e+01   1.0000000e+00
   1.7000000e+02  -6.0795154e+01   1.0000000e+00
   1.7005879e+02  -6.0807381e+01   1.0000000e+00
   1.7033333e+02  -6.0861103e+01   1.0000000e+00
   1.7066667e+02  -6.0933345e+01   1.0000000e+00
   1.7082600e+02  -6.0969551e+01   1.0000000e+00
   1.7100000e+02  -6.1009834e+01   1.0000000e+00
   1.7133333e+02  -6.1082208e+01   1.0000000e+00
   1.7158994e+02  -6.1130898e+01   1.0000000e+00
   1.7166667e+02  -6.1145692e+01   1.0000000e+00
   1.7200000e+02  -6.1200798e+01   1.0000000e+00
   1.7233333e+02  -6.1252903e+01   1.0000000e+00
   1.7255969e+02  -6.1291428e+01   1.0000000e+00
   1.7266667e+02  -6.1310829e+01   1.0000000e+00
   1.7300000e+02  -6.1375021e+01   1.0000000e+00
   1.7333333e+02  -6.1437452e+01   1.0000000e+00
   1.7339676e+02  -6.1451138e+01   1.0000000e+00
   1.7366667e+02  -6.1513081e+01   1.0000000e+00
   1.7400000e+02  -6.1606473e+01   1.0000000e+00
   1.7401240e+02  -6.1610031e+01   1.0000000e+00
   1.7433333e+02  -6.1695434e+01   1.0000000e+00
   1.7463388e+02  -6.1768116e+01   1.0000000e+00
   1.7466667e+02  -6.1775514e+01   1.0000000e+00
   1.7500000e+02  -6.1838198e+01   1.0000000e+00
   1.7533333e+02  -6.1879119e+01   1.0000000e+00
   1.7566667e+02  -6.1913189e+01   1.0000000e+00
   1.7579319e+02  -6.1925392e+01   1.0000000e+00
   1.7600000e+02  -6.1943306e+01   1.0000000e+00
   1.7633333e+02  -6.1965453e+01   1.0000000e+00
   1.7666667e+02  -6.1983490e+01   1.0000000e+00
   1.7700000e+02  -6.1997702e+01   1.0000000e+00
   1.7733333e+02  -6.2006862e+01   1.0000000e+00
   1.7766667e+02  -6.2021086e+01   1.0000000e+00
   1.7800000e+02  -6.2046742e+01   1.0000000e+00
   1.7833333e+02  -6.2077973e+01   1.0000000e+00
   1.7837674e+02  -6.2081867e+01   1.0000000e+00
   1.7866667e+02  -6.2109393e+01   1.0000000e+00
   1.7900000e+02  -6.2129167e+01   1.0000000e+00
   1.7933333e+02  -6.2119003e+01   1.0000000e+00
   1.7966667e+02  -6.2081949e+01   1.0000000e+00
   1.7966719e+02  -6.2081867e+01   1.0000000e+00
   1.8000000e+02  -6.2025094e+01   1.0000000e+00
   1.8033333e+02  -6.1968160e+01   1.0000000e+00
   1.8066667e+02  -6.1930293e+01   1.0000000e+00
   1.8072188e+02  -6.1925392e+01   1.0000000e+00
   1.8100000e+02  -6.1901041e+01   1.0000000e+00
   1.8133333e+02  -6.1858133e+01   1.0000000e+00
   1.8166667e+02  -6.1791357e+01   1.0000000e+00
   1.8176360e+02  -6.1768116e+01   1.0000000e+00
   1.8200000e+02  -6.1710716e+01   1.0000000e+00
   1.8233333e+02  -6.1632702e+01   1.0000000e+00
   1.8244132e+02  -6.1610031e+01   1.0000000e+00
   1.8266667e+02  -6.1559688e+01   1.0000000e+00
   1.8300000e+02  -6.1491222e+01   1.0000000e+00
   1.8319116e+02  -6.1451138e+01   1.0000000e+00
   1.8333333e+02  -6.1418121e+01   1.0000000e+00
   1.8366667e+02  -6.1342247e+01   1.0000000e+00
   1.8393347e+02  -6.1291428e+01   1.0000000e+00
   1.8400000e+02  -6.1279205e+01   1.0000000e+00
   1.8433333e+02  -6.1235618e+01   1.0000000e+00
   1.8466667e+02  -6.1208940e+01   1.0000000e+00
   1.8500000e+02  -6.1189063e+01   1.0000000e+00
   1.8533333e+02  -6.1165726e+01   1.0000000e+00
   1.8566667e+02  -6.1131763e+01   1.0000000e+00
   1.8567357e+02  -6.1130898e+01   1.0000000e+00
   1.8600000e+02  -6.1091615e+01   1.0000000e+00
   1.8633333e+02  -6.1055052e+01   1.0000000e+00
   1.8666667e+02  -6.1023169e+01   1.0000000e+00
   1.8700000e+02  -6.0992207e+01   1.0000000e+00
   1.8724438e+02  -6.0969551e+01   1.0000000e+00
   1.8733333e+02  -6.0960928e+01   1.0000000e+00
   1.8766667e+02  -6.0928203e+01   1.0000000e+00
   1.8800000e+02  -6.0893850e+01   1.0000000e+00
   1.8833333e+02  -6.0855975e+01   1.0000000e+00
   1.8866667e+02  -6.0813037e+01   1.0000000e+00
   1.8870765e+02  -6.0807381e+01   1.0000000e+00
   1.8900000e+02  -6.0763277e+01   1.0000000e+00
   1.8933333e+02  -6.0723896e+01   1.0000000e+00
   1.8966667e+02  -6.0688136e+01   1.0000000e+00
   1.9000000e+02  -6.0651045e+01   1.0000000e+00
   1.9005926e+02  -6.0644386e+01   1.0000000e+00
   1.9033333e+02  -6.0611778e+01   1.0000000e+00
   1.9066667e+02  -6.0576830e+01   1.0000000e+00
   1.9100000e+02  -6.0553302e+01   1.0000000e+00
   1.9133333e+02  -6.0542362e+01   1.0000000e+00
   1.9166667e+02  -6.0529810e+01   1.0000000e+00
   1.9200000e+02  -6.0512154e+01   1.0000000e+00
   1.9233333e+02  -6.0492174e+01   1.0000000e+00
   1.9255894e+02  -6.0480560e+01   1.0000000e+00
   1.9266667e+02  -6.0475187e+01   1.0000000e+00
   1.9300000e+02  -6.0454803e+01   1.0000000e+00
   1.9333333e+02  -6.0417123e+01   1.0000000e+00
   1.9366667e+02  -6.0375081e+01   1.0000000e+00
   1.9400000e+02  -6.0331316e+01   1.0000000e+00
   1.9409403e+02  -6.0315907e+01   1.0000000e+00
   1.9433333e+02  -6.0277627e+01   1.0000000e+00
   1.9466667e+02  -6.0212233e+01   1.0000000e+00
   1.9492542e+02  -6.0150417e+01   1.0000000e+00
   1.9500000e+02  -6.0132205e+01   1.0000000e+00
   1.9533333e+02  -6.0032359e+01   1.0000000e+00
   1.9548292e+02  -5.9984089e+01   1.0000000e+00
   1.9566667e+02  -5.9917564e+01   1.0000000e+00
   1.9596981e+02  -5.9816921e+01   1.0000000e+00
   1.9600000e+02  -5.9806989e+01   1.0000000e+00
   1.9633333e+02  -5.9720579e+01   1.0000000e+00
   1.9666667e+02  -5.9667177e+01   1.0000000e+00
   1.9695284e+02  -5.9648911e+01   1.0000000e+00
   1.9700000e+02  -5.9646102e+01   1.0000000e+00
   1.9733333e+02  -5.9644204e+01   1.0000000e+00
   1.9766667e+02  -5.9643023e+01   1.0000000e+00
   1.9800000e+02  -5.9641951e+01   1.0000000e+00
   1.9833333e+02  -5.9642186e+01   1.0000000e+00
   1.9866667e+02  -5.9635684e+01   1.0000000e+00
   1.9900000e+02  -5.9615073e+01   1.0000000e+00
   1.9933333e+02  -5.9577566e+01   1.0000000e+00
   1.9966667e+02  -5.9528412e+01   1.0000000e+00
   1.9993362e+02  -5.9480057e+01   1.0000000e+00
   2.0000000e+02  -5.9468609e+01   1.0000000e+00
   2.0033333e+02  -5.9391589e+01   1.0000000e+00
   2.0062760e+02  -5.9310352e+01   1.0000000e+00
   2.0066667e+02  -5.9299328e+01   1.0000000e+00
   2.0100000e+02  -5.9195752e+01   1.0000000e+00
   2.0117156e+02  -5.9139797e+01   1.0000000e+00
   2.0133333e+02  -5.9084306e+01   1.0000000e+00
   2.0166667e+02  -5.8976051e+01   1.0000000e+00
   2.0169198e+02  -5.8968388e+01   1.0000000e+00
   2.0200000e+02  -5.8870305e+01   1.0000000e+00
   2.0223679e+02  -5.8796120e+01   1.0000000e+00
   2.0233333e+02  -5.8764360e+01   1.0000000e+00
   2.0266667e+02  -5.8659383e+01   1.0000000e+00
   2.0277876e+02  -5.8622997e+01   1.0000000e+00
   2.0300000e+02  -5.8545866e+01   1.0000000e+00
   2.0326254e+02  -5.8449009e+01   1.0000000e+00
   2.0333333e+02  -5.8420696e+01   1.0000000e+00
   2.0366667e+02  -5.8282729e+01   1.0000000e+00
   2.0368686e+02  -5.8274158e+01   1.0000000e+00
   2.0400000e+02  -5.8129440e+01   1.0000000e+00
   2.0406297e+02  -5.8098438e+01   1.0000000e+00
   2.0433333e+02  -5.7957421e+01   1.0000000e+00
   2.0439878e+02  -5.7921848e+01   1.0000000e+00
   2.0466667e+02  -5.7785515e+01   1.0000000e+00
   2.0474349e+02  -5.7744385e+01   1.0000000e+00
   2.0500000e+02  -5.7621357e+01   1.0000000e+00
   2.0510660e+02  -5.7566048e+01   1.0000000e+00
   2.0533333e+02  -5.7459842e+01   1.0000000e+00
   2.0548424e+02  -5.7386833e+01   1.0000000e+00
   2.0566667e+02  -5.7301895e+01   1.0000000e+00
   2.0587010e+02  -5.7206738e+01   1.0000000e+00
   2.0600000e+02  -5.7144922e+01   1.0000000e+00
   2.0625930e+02  -5.7025761e+01   1.0000000e+00
   2.0633333e+02  -5.6991900e+01   1.0000000e+00
   2.0666667e+02  -5.6854923e+01   1.0000000e+00
   2.0669622e+02  -5.6843895e+01   1.0000000e+00
   2.0700000e+02  -5.6734025e+01   1.0000000e+00
   2.0720887e+02  -5.6661144e+01   1.0000000e+00
   2.0733333e+02  -5.6617455e+01   1.0000000e+00
   2.0766667e+02  -5.6504407e+01   1.0000000e+00
   2.0775551e+02  -5.6477505e+01   1.0000000e+00
   2.0800000e+02  -5.6403769e+01   1.0000000e+00
   2.0833333e+02  -5.6309398e+01   1.0000000e+00
   2.0838416e+02  -5.6292969e+01   1.0000000e+00
   2.0866667e+02  -5.6200245e+01   1.0000000e+00
   2.0890605e+02  -5.6107536e+01   1.0000000e+00
   2.0900000e+02  -5.6074166e+01   1.0000000e+00
   2.0933333e+02  -5.5970520e+01   1.0000000e+00
   2.0952285e+02  -5.5921211e+01   1.0000000e+00
   2.0966667e+02  -5.5891028e+01   1.0000000e+00
   2.1000000e+02  -5.5843239e+01   1.0000000e+00
   2.1033333e+02  -5.5821571e+01   1.0000000e+00
   2.1066667e+02  -5.5807507e+01   1.0000000e+00
   2.1100000e+02  -5.5794869e+01   1.0000000e+00
   2.1133333e+02  -5.5783507e+01   1.0000000e+00
   2.1166667e+02  -5.5774079e+01   1.0000000e+00
   2.1200000e+02  -5.5772707e+01   1.0000000e+00
   2.1233333e+02  -5.5783460e+01   1.0000000e+00
   2.1266667e+02  -5.5799464e+01   1.0000000e+00
   2.1300000e+02  -5.5818914e+01   1.0000000e+00
   2.1333333e+02  -5.5846876e+01   1.0000000e+00
   2.1366667e+02  -5.5883209e+01   1.0000000e+00
   2.1395714e+02  -5.5921211e+01   1.0000000e+00
   2.1400000e+02  -5.5927288e+01   1.0000000e+00
   2.1433333e+02  -5.5977211e+01   1.0000000e+00
   2.1466667e+02  -5.6020437e+01   1.0000000e+00
   2.1500000e+02  -5.6054641e+01   1.0000000e+00
   2.1533333e+02  -5.6080607e+01   1.0000000e+00
   2.1566667e+02  -5.6097723e+01   1.0000000e+00
   2.1598723e+02  -5.6107536e+01   1.0000000e+00
   2.1600000e+02  -5.6107932e+01   1.0000000e+00
   2.1633333e+02  -5.6116934e+01   1.0000000e+00
   2.1666667e+02  -5.6128613e+01   1.0000000e+00
   2.1700000e+02  -5.6142831e+01   1.0000000e+00
   2.1733333e+02  -5.6148461e+01   1.0000000e+00
   2.1766667e+02  -5.6136899e+01   1.0000000e+00
   2.1800000e+02  -5.6109904e+01   1.0000000e+00
   2.1802603e+02  -5.6107536e+01   1.0000000e+00
   2.1833333e+02  -5.6080784e+01   1.0000000e+00
   2.1866667e+02  -5.6049340e+01   1.0000000e+00
   2.1900000e+02  -5.5991800e+01   1.0000000e+00
   2.1927097e+02  -5.5921211e+01   1.0000000e+00
   2.1933333e+02  -5.5904507e+01   1.0000000e+00
   2.1966667e+02  -5.5808916e+01   1.0000000e+00
   2.1993785e+02  -5.5733982e+01   1.0000000e+00
   2.2000000e+02  -5.5717077e+01   1.0000000e+00
   2.2033333e+02  -5.5668865e+01   1.0000000e+00
   2.2066667e+02  -5.5672887e+01   1.0000000e+00
   2.2100000e+02  -5.5694996e+01   1.0000000e+00
   2.2133333e+02  -5.5699675e+01   1.0000000e+00
   2.2166667e+02  -5.5685101e+01   1.0000000e+00
   2.2200000e+02  -5.5665523e+01   1.0000000e+00
   2.2233333e+02  -5.5643819e+01   1.0000000e+00
   2.2266667e+02  -5.5617513e+01   1.0000000e+00
   2.2300000e+02  -5.5596155e+01   1.0000000e+00
   2.2333333e+02  -5.5606257e+01   1.0000000e+00
   2.2366667e+02  -5.5666583e+01   1.0000000e+00
   2.2389891e+02  -5.5733982e+01   1.0000000e+00
   2.2400000e+02  -5.5769205e+01   1.0000000e+00
   2.2433333e+02  -5.5880955e+01   1.0000000e+00
   2.2447825e+02  -5.5921211e+01   1.0000000e+00
   2.2466667e+02  -5.5980503e+01   1.0000000e+00
   2.2500000e+02  -5.6070418e+01   1.0000000e+00
   2.2511949e+02  -5.6107536e+01   1.0000000e+00
   2.2533333e+02  -5.6187841e+01   1.0000000e+00
   2.2556591e+02  -5.6292969e+01   1.0000000e+00
   2.2566667e+02  -5.6341922e+01   1.0000000e+00
   2.2595048e+02  -5.6477505e+01   1.0000000e+00
   2.2600000e+02  -5.6508747e+01   1.0000000e+00
   2.2622332e+02  -5.6661144e+01   1.0000000e+00
   2.2633333e+02  -5.6752415e+01   1.0000000e+00
   2.2646661e+02  -5.6843895e+01   1.0000000e+00
   2.2666667e+02  -5.6978091e+01   1.0000000e+00
   2.2677480e+02  -5.7025761e+01   1.0000000e+00
   2.2700000e+02  -5.7123962e+01   1.0000000e+00
   2.2720800e+02  -5.7206738e+01   1.0000000e+00
   2.2733333e+02  -5.7249338e+01   1.0000000e+00
   2.2766667e+02  -5.7375654e+01   1.0000000e+00
   2.2769198e+02  -5.7386833e+01   1.0000000e+00
   2.2800000e+02  -5.7534033e+01   1.0000000e+00
   2.2804746e+02  -5.7566048e+01   1.0000000e+00
   2.2825828e+02  -5.7744385e+01   1.0000000e+00
   2.2833333e+02  -5.7810710e+01   1.0000000e+00
   2.2846739e+02  -5.7921848e+01   1.0000000e+00
   2.2866667e+02  -5.8044446e+01   1.0000000e+00
   2.2880154e+02  -5.8098438e+01   1.0000000e+00
   2.2900000e+02  -5.8165047e+01   1.0000000e+00
   2.2933333e+02  -5.8255925e+01   1.0000000e+00
   2.2939753e+02  -5.8274158e+01   1.0000000e+00
   2.2966667e+02  -5.8360706e+01   1.0000000e+00
   2.2992824e+02  -5.8449009e+01   1.0000000e+00
   2.3000000e+02  -5.8478754e+01   1.0000000e+00
   2.3030284e+02  -5.8622997e+01   1.0000000e+00
   2.3033333e+02  -5.8639846e+01   1.0000000e+00
   2.3057444e+02  -5.8796120e+01   1.0000000e+00
   2.3066667e+02  -5.8850322e+01   1.0000000e+00
   2.3085924e+02  -5.8968388e+01   1.0000000e+00
   2.3100000e+02  -5.9047323e+01   1.0000000e+00
   2.3119393e+02  -5.9139797e+01   1.0000000e+00
   2.3133333e+02  -5.9195118e+01   1.0000000e+00
   2.3166667e+02  -5.9290933e+01   1.0000000e+00
   2.3175221e+02  -5.9310352e+01   1.0000000e+00
   2.3200000e+02  -5.9359451e+01   1.0000000e+00
   2.3233333e+02  -5.9402538e+01   1.0000000e+00
   2.3266667e+02  -5.9431651e+01   1.0000000e+00
   2.3300000e+02  -5.9464957e+01   1.0000000e+00
   2.3311659e+02  -5.9480057e+01   1.0000000e+00
   2.3333333e+02  -5.9518017e+01   1.0000000e+00
   2.3366667e+02  -5.9581202e+01   1.0000000e+00
   2.3400000e+02  -5.9614609e+01   1.0000000e+00
   2.3433333e+02  -5.9603681e+01   1.0000000e+00
   2.3466667e+02  -5.9584919e+01   1.0000000e+00
   2.3500000e+02  -5.9594958e+01   1.0000000e+00
   2.3533333e+02  -5.9631734e+01   1.0000000e+00
   2.3541519e+02  -5.9648911e+01   1.0000000e+00
   2.3566667e+02  -5.9727202e+01   1.0000000e+00
   2.3593057e+02  -5.9816921e+01   1.0000000e+00
   2.3600000e+02  -5.9846101e+01   1.0000000e+00
   2.3633333e+02  -5.9966685e+01   1.0000000e+00
   2.3639131e+02  -5.9984089e+01   1.0000000e+00
   2.3665488e+02  -6.0150417e+01   1.0000000e+00
   2.3666667e+02  -6.0157212e+01   1.0000000e+00
   2.3697689e+02  -6.0315907e+01   1.0000000e+00
   2.3700000e+02  -6.0323602e+01   1.0000000e+00
   2.3733333e+02  -6.0361790e+01   1.0000000e+00
   2.3766667e+02  -6.0327851e+01   1.0000000e+00
   2.3774582e+02  -6.0315907e+01   1.0000000e+00
   2.3800000e+02  -6.0282699e+01   1.0000000e+00
   2.3833333e+02  -6.0277650e+01   1.0000000e+00
   2.3866667e+02  -6.0309731e+01   1.0000000e+00
   2.3869751e+02  -6.0315907e+01   1.0000000e+00
   2.3900000e+02  -6.0395262e+01   1.0000000e+00
   2.3933333e+02  -6.0480001e+01   1.0000000e+00
   2.3933489e+02  -6.0480560e+01   1.0000000e+00
   2.3963656e+02  -6.0644386e+01   1.0000000e+00
   2.3966667e+02  -6.0658843e+01   1.0000000e+00
   2.3994926e+02  -6.0807381e+01   1.0000000e+00
   2.4000000e+02  -6.0826730e+01   1.0000000e+00
   2.4033333e+02  -6.0949539e+01   1.0000000e+00
   2.4039416e+02  -6.0969551e+01   1.0000000e+00
   2.4066667e+02  -6.1062850e+01   1.0000000e+00
   2.4100000e+02  -6.1097398e+01   1.0000000e+00
   2.4133333e+02  -6.1081504e+01   1.0000000e+00
   2.4166667e+02  -6.1052828e+01   1.0000000e+00
   2.4200000e+02  -6.1021583e+01   1.0000000e+00
   2.4233333e+02  -6.0995645e+01   1.0000000e+00
   2.4266667e+02  -6.1001785e+01   1.0000000e+00
   2.4300000e+02  -6.1078139e+01   1.0000000e+00
   2.4321844e+02  -6.1130898e+01   1.0000000e+00
   2.4333333e+02  -6.1154772e+01   1.0000000e+00
   2.4366667e+02  -6.1208246e+01   1.0000000e+00
   2.4400000e+02  -6.1253283e+01   1.0000000e+00
   2.4433333e+02  -6.1290591e+01   1.0000000e+00
   2.4434208e+02  -6.1291428e+01   1.0000000e+00
   2.4466667e+02  -6.1326395e+01   1.0000000e+00
   2.4500000e+02  -6.1352172e+01   1.0000000e+00
   2.4533333e+02  -6.1354510e+01   1.0000000e+00
   2.4566667e+02  -6.1322429e+01   1.0000000e+00
   2.4582550e+02  -6.1291428e+01   1.0000000e+00
   2.4600000e+02  -6.1254326e+01   1.0000000e+00
   2.4633333e+02  -6.1165967e+01   1.0000000e+00
   2.4649524e+02  -6.1130898e+01   1.0000000e+00
   2.4666667e+02  -6.1099885e+01   1.0000000e+00
   2.4700000e+02  -6.1072208e+01   1.0000000e+00
   2.4733333e+02  -6.1082346e+01   1.0000000e+00
   2.4766667e+02  -6.1111470e+01   1.0000000e+00
   2.4780870e+02  -6.1130898e+01   1.0000000e+00
   2.4800000e+02  -6.1157231e+01   1.0000000e+00
   2.4833333e+02  -6.1223090e+01   1.0000000e+00
   2.4863994e+02  -6.1291428e+01   1.0000000e+00
   2.4866667e+02  -6.1297556e+01   1.0000000e+00
   2.4900000e+02  -6.1381080e+01   1.0000000e+00
   2.4927068e+02  -6.1451138e+01   1.0000000e+00
   2.4933333e+02  -6.1468746e+01   1.0000000e+00
   2.4966667e+02  -6.1547707e+01   1.0000000e+00
   2.4997912e+02  -6.1610031e+01   1.0000000e+00
   2.5000000e+02  -6.1614544e+01   1.0000000e+00
   2.5033333e+02  -6.1672246e+01   1.0000000e+00
   2.5066667e+02  -6.1714981e+01   1.0000000e+00
   2.5100000e+02  -6.1756464e+01   1.0000000e+00
   2.5106453e+02  -6.1768116e+01   1.0000000e+00
   2.5133333e+02  -6.1815825e+01   1.0000000e+00
   2.5166667e+02  -6.1900775e+01   1.0000000e+00
   2.5174655e+02  -6.1925392e+01   1.0000000e+00
   2.5200000e+02  -6.2014132e+01   1.0000000e+00
   2.5219399e+02  -6.2081867e+01   1.0000000e+00
   2.5233333e+02  -6.2133728e+01   1.0000000e+00
   2.5266667e+02  -6.2234692e+01   1.0000000e+00
   2.5267786e+02  -6.2237534e+01   1.0000000e+00
   2.5300000e+02  -6.2318086e+01   1.0000000e+00
   2.5331600e+02  -6.2392406e+01   1.0000000e+00
   2.5333333e+02  -6.2396577e+01   1.0000000e+00
   2.5366667e+02  -6.2472897e+01   1.0000000e+00
   2.5400000e+02  -6.2538253e+01   1.0000000e+00
   2.5405717e+02  -6.2546478e+01   1.0000000e+00
   2.5433333e+02  -6.2586418e+01   1.0000000e+00
   2.5466667e+02  -6.2620735e+01   1.0000000e+00
   2.5500000e+02  -6.2641502e+01   1.0000000e+00
   2.5533333e+02  -6.2648086e+01   1.0000000e+00
   2.5566667e+02  -6.2642648e+01   1.0000000e+00
   2.5600000e+02  -6.2622418e+01   1.0000000e+00
   2.5633334e+02  -6.2586627e+01   1.0000000e+00
   2.5666666e+02  -6.2549664e+01   1.0000000e+00
   2.5670671e+02  -6.2546478e+01   1.0000000e+00
   2.5700000e+02  -6.2524737e+01   1.0000000e+00
   2.5733334e+02  -6.2512429e+01   1.0000000e+00
   2.5766666e+02  -6.2519266e+01   1.0000000e+00
   2.5800000e+02  -6.2541495e+01   1.0000000e+00
   2.5807294e+02  -6.2546478e+01   1.0000000e+00
   2.5833334e+02  -6.2566196e+01   1.0000000e+00
   2.5866666e+02  -6.2575961e+01   1.0000000e+00
   2.5900000e+02  -6.2566130e+01   1.0000000e+00
   2.5921956e+02  -6.2546478e+01   1.0000000e+00
   2.5933334e+02  -6.2536881e+01   1.0000000e+00
   2.5966666e+02  -6.2493691e+01   1.0000000e+00
   2.6000000e+02  -6.2441365e+01   1.0000000e+00
   2.6029009e+02  -6.2392406e+01   1.0000000e+00
   2.6033334e+02  -6.2385294e+01   1.0000000e+00
   2.6066666e+02  -6.2326452e+01   1.0000000e+00
   2.6100000e+02  -6.2260116e+01   1.0000000e+00
   2.6111541e+02  -6.2237534e+01   1.0000000e+00
   2.6133334e+02  -6.2196432e+01   1.0000000e+00
   2.6166666e+02  -6.2136637e+01   1.0000000e+00
   2.6195426e+02  -6.2081867e+01   1.0000000e+00
   2.6200000e+02  -6.2073717e+01   1.0000000e+00
   2.6233334e+02  -6.2019578e+01   1.0000000e+00
   2.6266666e+02  -6.1971174e+01   1.0000000e+00
   2.6300000e+02  -6.1952996e+01   1.0000000e+00
   2.6333334e+02  -6.1964282e+01   1.0000000e+00
   2.6366666e+02  -6.1978492e+01   1.0000000e+00
   2.6400000e+02  -6.1991160e+01   1.0000000e+00
   2.6433334e+02  -6.2011282e+01   1.0000000e+00
   2.6466666e+02  -6.2040760e+01   1.0000000e+00
   2.6500000e+02  -6.2076984e+01   1.0000000e+00
   2.6504248e+02  -6.2081867e+01   1.0000000e+00
   2.6533334e+02  -6.2118166e+01   1.0000000e+00
   2.6566666e+02  -6.2138448e+01   1.0000000e+00
   2.6600000e+02  -6.2133082e+01   1.0000000e+00
   2.6633334e+02  -6.2111932e+01   1.0000000e+00
   2.6666666e+02  -6.2082018e+01   1.0000000e+00
   2.6666850e+02  -6.2081867e+01   1.0000000e+00
   2.6700000e+02  -6.2059627e+01   1.0000000e+00
   2.6733334e+02  -6.2046523e+01   1.0000000e+00
   2.6766666e+02  -6.2049418e+01   1.0000000e+00
   2.6800000e+02  -6.2076731e+01   1.0000000e+00
   2.6803186e+02  -6.2081867e+01   1.0000000e+00
   2.6833334e+02  -6.2161789e+01   1.0000000e+00
   2.6853914e+02  -6.2237534e+01   1.0000000e+00
   2.6866666e+02  -6.2286426e+01   1.0000000e+00
   2.6894860e+02  -6.2392406e+01   1.0000000e+00
   2.6900000e+02  -6.2410875e+01   1.0000000e+00
   2.6932030e+02  -6.2546478e+01   1.0000000e+00
   2.6933334e+02  -6.2552228e+01   1.0000000e+00
   2.6966666e+02  -6.2680512e+01   1.0000000e+00
   2.6973016e+02  -6.2699757e+01   1.0000000e+00
   2.7000000e+02  -6.2763673e+01   1.0000000e+00
   2.7033334e+02  -6.2825482e+01   1.0000000e+00
   2.7058190e+02  -6.2852249e+01   1.0000000e+00
   2.7066666e+02  -6.2860768e+01   1.0000000e+00
   2.7100000e+02  -6.2873275e+01   1.0000000e+00
   2.7133334e+02  -6.2927761e+01   1.0000000e+00
   2.7166666e+02  -6.2978453e+01   1.0000000e+00
   2.7183849e+02  -6.3003952e+01   1.0000000e+00
   2.7200000e+02  -6.3035188e+01   1.0000000e+00
   2.7233334e+02  -6.3113663e+01   1.0000000e+00
   2.7256255e+02  -6.3154869e+01   1.0000000e+00
   2.7266666e+02  -6.3175795e+01   1.0000000e+00
   2.7300000e+02  -6.3210591e+01   1.0000000e+00
   2.7333334e+02  -6.3274015e+01   1.0000000e+00
   2.7363169e+02  -6.3305004e+01   1.0000000e+00
   2.7366666e+02  -6.3308756e+01   1.0000000e+00
   2.7400000e+02  -6.3328706e+01   1.0000000e+00
   2.7433334e+02  -6.3330637e+01   1.0000000e+00
   2.7466666e+02  -6.3316233e+01   1.0000000e+00
   2.7479838e+02  -6.3305004e+01   1.0000000e+00
   2.7500000e+02  -6.3286004e+01   1.0000000e+00
   2.7533334e+02  -6.3251511e+01   1.0000000e+00
   2.7566666e+02  -6.3231448e+01   1.0000000e+00
   2.7600000e+02  -6.3228281e+01   1.0000000e+00
   2.7633334e+02  -6.3233761e+01   1.0000000e+00
   2.7666666e+02  -6.3230370e+01   1.0000000e+00
   2.7700000e+02  -6.3202380e+01   1.0000000e+00
   2.7725001e+02  -6.3154869e+01   1.0000000e+00
   2.7733334e+02  -6.3134912e+01   1.0000000e+00
   2.7766666e+02  -6.3054340e+01   1.0000000e+00
   2.7795720e+02  -6.3003952e+01   1.0000000e+00
   2.7800000e+02  -6.2997682e+01   1.0000000e+00
   2.7833334e+02  -6.2952434e+01   1.0000000e+00
   2.7866666e+02  -6.2918139e+01   1.0000000e+00
   2.7900000e+02  -6.2898316e+01   1.0000000e+00
   2.7933334e+02  -6.2873388e+01   1.0000000e+00
   2.7964763e+02  -6.2852249e+01   1.0000000e+00
   2.7966666e+02  -6.2851046e+01   1.0000000e+00
   2.8000000e+02  -6.2815357e+01   1.0000000e+00
   2.8033334e+02  -6.2757915e+01   1.0000000e+00
   2.8064157e+02  -6.2699757e+01   1.0000000e+00
   2.8066666e+02  -6.2694036e+01   1.0000000e+00
   2.8100000e+02  -6.2614488e+01   1.0000000e+00
   2.8128610e+02  -6.2546478e+01   1.0000000e+00
   2.8133334e+02  -6.2536204e+01   1.0000000e+00
   2.8166666e+02  -6.2458649e+01   1.0000000e+00
   2.8195813e+02  -6.2392406e+01   1.0000000e+00
   2.8200000e+02  -6.2383262e+01   1.0000000e+00
   2.8233334e+02  -6.2325216e+01   1.0000000e+00
   2.8266666e+02  -6.2279558e+01   1.0000000e+00
   2.8299728e+02  -6.2237534e+01   1.0000000e+00
   2.8300000e+02  -6.2237246e+01   1.0000000e+00
   2.8333334e+02  -6.2203926e+01   1.0000000e+00
   2.8366666e+02  -6.2177697e+01   1.0000000e+00
   2.8400000e+02  -6.2156755e+01   1.0000000e+00
   2.8433334e+02  -6.2131848e+01   1.0000000e+00
   2.8466666e+02  -6.2109973e+01   1.0000000e+00
   2.8500000e+02  -6.2088206e+01   1.0000000e+00
   2.8504451e+02  -6.2081867e+01   1.0000000e+00
   2.8533334e+02  -6.2021520e+01   1.0000000e+00
   2.8561973e+02  -6.1925392e+01   1.0000000e+00
   2.8566666e+02  -6.1907529e+01   1.0000000e+00
   2.8600000e+02  -6.1788000e+01   1.0000000e+00
   2.8607447e+02  -6.1768116e+01   1.0000000e+00
   2.8633334e+02  -6.1702345e+01   1.0000000e+00
   2.8666666e+02  -6.1641513e+01   1.0000000e+00
   2.8689840e+02  -6.1610031e+01   1.0000000e+00
   2.8700000e+02  -6.1596096e+01   1.0000000e+00
   2.8733334e+02  -6.1564431e+01   1.0000000e+00
   2.8766666e+02  -6.1547134e+01   1.0000000e+00
   2.8800000e+02  -6.1531378e+01   1.0000000e+00
   2.8833334e+02  -6.1506448e+01   1.0000000e+00
   2.8866666e+02  -6.1454783e+01   1.0000000e+00
   2.8868250e+02  -6.1451138e+01   1.0000000e+00
   2.8900000e+02  -6.1376506e+01   1.0000000e+00
   2.8930793e+02  -6.1291428e+01   1.0000000e+00
   2.8933334e+02  -6.1284376e+01   1.0000000e+00
   2.8966666e+02  -6.1177943e+01   1.0000000e+00
   2.8978948e+02  -6.1130898e+01   1.0000000e+00
   2.9000000e+02  -6.1047558e+01   1.0000000e+00
   2.9015983e+02  -6.0969551e+01   1.0000000e+00
   2.9033334e+02  -6.0875147e+01   1.0000000e+00
   2.9045111e+02  -6.0807381e+01   1.0000000e+00
   2.9066666e+02  -6.0663227e+01   1.0000000e+00
   2.9069556e+02  -6.0644386e+01   1.0000000e+00
   2.9095952e+02  -6.0480560e+01   1.0000000e+00
   2.9100000e+02  -6.0462000e+01   1.0000000e+00
   2.9133334e+02  -6.0318629e+01   1.0000000e+00
   2.9134047e+02  -6.0315907e+01   1.0000000e+00
   2.9166666e+02  -6.0195407e+01   1.0000000e+00
   2.9178900e+02  -6.0150417e+01   1.0000000e+00
   2.9200000e+02  -6.0069112e+01   1.0000000e+00
   2.9219147e+02  -5.9984089e+01   1.0000000e+00
   2.9233334e+02  -5.9930456e+01   1.0000000e+00
   2.9262826e+02  -5.9816921e+01   1.0000000e+00
   2.9266666e+02  -5.9801613e+01   1.0000000e+00
   2.9300000e+02  -5.9671934e+01   1.0000000e+00
   2.9305732e+02  -5.9648911e+01   1.0000000e+00
   2.9333334e+02  -5.9539945e+01   1.0000000e+00
   2.9347606e+02  -5.9480057e+01   1.0000000e+00
   2.9366666e+02  -5.9412308e+01   1.0000000e+00
   2.9393519e+02  -5.9310352e+01   1.0000000e+00
   2.9400000e+02  -5.9285760e+01   1.0000000e+00
   2.9433334e+02  -5.9165868e+01   1.0000000e+00
   2.9441007e+02  -5.9139797e+01   1.0000000e+00
   2.9466666e+02  -5.9054926e+01   1.0000000e+00
   2.9493342e+02  -5.8968388e+01   1.0000000e+00
   2.9500000e+02  -5.8949304e+01   1.0000000e+00
   2.9533334e+02  -5.8865631e+01   1.0000000e+00
   2.9563290e+02  -5.8796120e+01   1.0000000e+00
   2.9566666e+02  -5.8788402e+01   1.0000000e+00
   2.9600000e+02  -5.8725842e+01   1.0000000e+00
   2.9633334e+02  -5.8678377e+01   1.0000000e+00
   2.9666666e+02  -5.8624342e+01   1.0000000e+00
   2.9667365e+02  -5.8622997e+01   1.0000000e+00
   2.9700000e+02  -5.8561021e+01   1.0000000e+00
   2.9733334e+02  -5.8479921e+01   1.0000000e+00
   2.9744184e+02  -5.8449009e+01   1.0000000e+00
   2.9766666e+02  -5.8390962e+01   1.0000000e+00
   2.9800000e+02  -5.8298688e+01   1.0000000e+00
   2.9808189e+02  -5.8274158e+01   1.0000000e+00
   2.9833334e+02  -5.8193364e+01   1.0000000e+00
   2.9859810e+02  -5.8098438e+01   1.0000000e+00
   2.9866666e+02  -5.8072041e+01   1.0000000e+00
   2.9900000e+02  -5.7944413e+01   1.0000000e+00
   2.9906316e+02  -5.7921848e+01   1.0000000e+00
   2.9933334e+02  -5.7830742e+01   1.0000000e+00
   2.9966666e+02  -5.7749771e+01   1.0000000e+00
   2.9970054e+02  -5.7744385e+01   1.0000000e+00
   3.0000000e+02  -5.7703464e+01   1.0000000e+00
   3.0033334e+02  -5.7673711e+01   1.0000000e+00
   3.0066666e+02  -5.7645482e+01   1.0000000e+00
   3.0100000e+02  -5.7613616e+01   1.0000000e+00
   3.0133334e+02  -5.7575012e+01   1.0000000e+00
   3.0139870e+02  -5.7566048e+01   1.0000000e+00
   3.0166666e+02  -5.7531930e+01   1.0000000e+00
   3.0200000e+02  -5.7486605e+01   1.0000000e+00
   3.0233334e+02  -5.7436615e+01   1.0000000e+00
   3.0266666e+02  -5.7387439e+01   1.0000000e+00
   3.0267171e+02  -5.7386833e+01   1.0000000e+00
   3.0300000e+02  -5.7349883e+01   1.0000000e+00
   3.0333334e+02  -5.7317675e+01   1.0000000e+00
   3.0366666e+02  -5.7289195e+01   1.0000000e+00
   3.0400000e+02  -5.7257807e+01   1.0000000e+00
   3.0433334e+02  -5.7227184e+01   1.0000000e+00
   3.0465986e+02  -5.7206738e+01   1.0000000e+00
   3.0466666e+02  -5.7206291e+01   1.0000000e+00
   3.0500000e+02  -5.7189654e+01   1.0000000e+00
   3.0533334e+02  -5.7172817e+01   1.0000000e+00
   3.0566666e+02  -5.7135928e+01   1.0000000e+00
   3.0600000e+02  -5.7070538e+01   1.0000000e+00
   3.0617006e+02  -5.7025761e+01   1.0000000e+00
   3.0633334e+02  -5.6980634e+01   1.0000000e+00
   3.0666666e+02  -5.6864147e+01   1.0000000e+00
   3.0671700e+02  -5.6843895e+01   1.0000000e+00
   3.0700000e+02  -5.6719317e+01   1.0000000e+00
   3.0714536e+02  -5.6661144e+01   1.0000000e+00
   3.0733334e+02  -5.6595668e+01   1.0000000e+00
   3.0766666e+02  -5.6516812e+01   1.0000000e+00
   3.0789751e+02  -5.6477505e+01   1.0000000e+00
   3.0800000e+02  -5.6459087e+01   1.0000000e+00
   3.0833334e+02  -5.6404681e+01   1.0000000e+00
   3.0866666e+02  -5.6350924e+01   1.0000000e+00
   3.0900000e+02  -5.6295890e+01   1.0000000e+00
   3.0901576e+02  -5.6292969e+01   1.0000000e+00
   3.0933334e+02  -5.6229076e+01   1.0000000e+00
   3.0966666e+02  -5.6163512e+01   1.0000000e+00
   3.0994654e+02  -5.6107536e+01   1.0000000e+00
   3.1000000e+02  -5.6094899e+01   1.0000000e+00
   3.1033334e+02  -5.5994703e+01   1.0000000e+00
   3.1052090e+02  -5.5921211e+01   1.0000000e+00
   3.1066666e+02  -5.5845755e+01   1.0000000e+00
   3.1086397e+02  -5.5733982e+01   1.0000000e+00
   3.1100000e+02  -5.5652221e+01   1.0000000e+00
   3.1122364e+02  -5.5545853e+01   1.0000000e+00
   3.1133334e+02  -5.5487775e+01   1.0000000e+00
   3.1166666e+02  -5.5360404e+01   1.0000000e+00
   3.1167539e+02  -5.5356815e+01   1.0000000e+00
   3.1200000e+02  -5.5168047e+01   1.0000000e+00
   3.1200161e+02  -5.5166874e+01   1.0000000e+00
   3.1216919e+02  -5.4976025e+01   1.0000000e+00
   3.1223719e+02  -5.4784260e+01   1.0000000e+00
   3.1230280e+02  -5.4591587e+01   1.0000000e+00
   3.1231617e+02  -5.4397995e+01   1.0000000e+00
   3.1232158e+02  -5.4203484e+01   1.0000000e+00
   3.1233334e+02  -5.4179741e+01   1.0000000e+00
   3.1241614e+02  -5.4008053e+01   1.0000000e+00
   3.1256734e+02  -5.3811703e+01   1.0000000e+00
   3.1266666e+02  -5.3718367e+01   1.0000000e+00
   3.1279081e+02  -5.3614426e+01   1.0000000e+00
   3.1300000e+02  -5.3424784e+01   1.0000000e+00
   3.1301012e+02  -5.3416225e+01   1.0000000e+00
   3.1300000e+02  -5.3414583e+01   1.0000000e+00
   3.1266666e+02  -5.3372232e+01   1.0000000e+00
   3.1246848e+02  -5.3217094e+01   1.0000000e+00
   3.1266666e+02  -5.3086478e+01   1.0000000e+00
   3.1300000e+02  -5.3059580e+01   1.0000000e+00
   3.1307089e+02  -5.3017033e+01   1.0000000e+00
   3.1333334e+02  -5.2838806e+01   1.0000000e+00
   3.1348460e+02  -5.2816040e+01   1.0000000e+00
   3.1356647e+02  -5.2614117e+01   1.0000000e+00
   3.1360076e+02  -5.2411255e+01   1.0000000e+00
   3.1364191e+02  -5.2207455e+01   1.0000000e+00
   3.1366666e+02  -5.2135564e+01   1.0000000e+00
   3.1370042e+02  -5.2002716e+01   1.0000000e+00
   3.1387744e+02  -5.1797039e+01   1.0000000e+00
   3.1400000e+02  -5.1661675e+01   1.0000000e+00
   3.1407400e+02  -5.1590416e+01   1.0000000e+00
   3.1433334e+02  -5.1469123e+01   1.0000000e+00
   3.1461831e+02  -5.1382851e+01   1.0000000e+00
   3.1466666e+02  -5.1372518e+01   1.0000000e+00
   3.1500000e+02  -5.1318549e+01   1.0000000e+00
   3.1533334e+02  -5.1266104e+01   1.0000000e+00
   3.1566666e+02  -5.1205837e+01   1.0000000e+00
   3.1579602e+02  -5.1174343e+01   1.0000000e+00
   3.1600000e+02  -5.1167323e+01   1.0000000e+00
   3.1601117e+02  -5.1174343e+01   1.0000000e+00
   3.1633334e+02  -5.1337907e+01   1.0000000e+00
   3.1640519e+02  -5.1382851e+01   1.0000000e+00
   3.1666666e+02  -5.1523153e+01   1.0000000e+00
   3.1677468e+02  -5.1590416e+01   1.0000000e+00
   3.1700000e+02  -5.1716601e+01   1.0000000e+00
   3.1733334e+02  -5.1708008e+01   1.0000000e+00
   3.1766666e+02  -5.1700885e+01   1.0000000e+00
   3.1783900e+02  -5.1590416e+01   1.0000000e+00
   3.1800000e+02  -5.1490162e+01   1.0000000e+00
   3.1817079e+02  -5.1382851e+01   1.0000000e+00
   3.1817837e+02  -5.1174343e+01   1.0000000e+00
   3.1818808e+02  -5.0964882e+01   1.0000000e+00
   3.1833334e+02  -5.0873190e+01   1.0000000e+00
   3.1852985e+02  -5.0754475e+01   1.0000000e+00
   3.1866666e+02  -5.0667726e+01   1.0000000e+00
   3.1887250e+02  -5.0543118e+01   1.0000000e+00
   3.1900000e+02  -5.0461916e+01   1.0000000e+00
   3.1922457e+02  -5.0330811e+01   1.0000000e+00
   3.1933334e+02  -5.0261222e+01   1.0000000e+00
   3.1958484e+02  -5.0117550e+01   1.0000000e+00
   3.1963795e+02  -4.9903336e+01   1.0000000e+00
   3.1966666e+02  -4.9825262e+01   1.0000000e+00
   3.2000000e+02  -4.9777171e+01   1.0000000e+00
   3.2033334e+02  -4.9747231e+01   1.0000000e+00
   3.2066666e+02  -4.9717298e+01   1.0000000e+00
   3.2100000e+02  -4.9693378e+01   1.0000000e+00
   3.2126778e+02  -4.9688164e+01   1.0000000e+00
   3.2133334e+02  -4.9686998e+01   1.0000000e+00
   3.2166666e+02  -4.9688163e+01   1.0000000e+00
   3.2166667e+02  -4.9688164e+01   1.0000000e+00
   3.2200000e+02  -4.9696843e+01   1.0000000e+00
   3.2233334e+02  -4.9716454e+01   1.0000000e+00
   3.2266666e+02  -4.9749086e+01   1.0000000e+00
   3.2300000e+02  -4.9792864e+01   1.0000000e+00
   3.2333334e+02  -4.9836445e+01   1.0000000e+00
   3.2366666e+02  -4.9876473e+01   1.0000000e+00
   3.2400000e+02  -4.9902484e+01   1.0000000e+00
   3.2406208e+02  -4.9903336e+01   1.0000000e+00
   3.2433334e+02  -4.9907303e+01   1.0000000e+00
   3.2466666e+02  -4.9907286e+01   1.0000000e+00
   3.2500000e+02  -4.9911543e+01   1.0000000e+00
   3.2522623e+02  -4.9903336e+01   1.0000000e+00
   3.2533334e+02  -4.9899799e+01   1.0000000e+00
   3.2566666e+02  -4.9862929e+01   1.0000000e+00
   3.2600000e+02  -4.9810629e+01   1.0000000e+00
   3.2633334e+02  -4.9764960e+01   1.0000000e+00
   3.2666666e+02  -4.9746401e+01   1.0000000e+00
   3.2700000e+02  -4.9759793e+01   1.0000000e+00
   3.2733334e+02  -4.9794479e+01   1.0000000e+00
   3.2766666e+02  -4.9833279e+01   1.0000000e+00
   3.2800000e+02  -4.9864200e+01   1.0000000e+00
   3.2833334e+02  -4.9890828e+01   1.0000000e+00
   3.2866666e+02  -4.9900221e+01   1.0000000e+00
   3.2900000e+02  -4.9887939e+01   1.0000000e+00
   3.2933334e+02  -4.9859707e+01   1.0000000e+00
   3.2966666e+02  -4.9827153e+01   1.0000000e+00
   3.3000000e+02  -4.9803405e+01   1.0000000e+00
   3.3033334e+02  -4.9785188e+01   1.0000000e+00
   3.3066666e+02  -4.9764680e+01   1.0000000e+00
   3.3100000e+02  -4.9753118e+01   1.0000000e+00
   3.3133334e+02  -4.9764832e+01   1.0000000e+00
   3.3166666e+02  -4.9804001e+01   1.0000000e+00
   3.3200000e+02  -4.9863567e+01   1.0000000e+00
   3.3220826e+02  -4.9903336e+01   1.0000000e+00
   3.3233334e+02  -4.9929961e+01   1.0000000e+00
   3.3266666e+02  -4.9997148e+01   1.0000000e+00
   3.3300000e+02  -5.0080252e+01   1.0000000e+00
   3.3312351e+02  -5.0117550e+01   1.0000000e+00
   3.3333334e+02  -5.0177880e+01   1.0000000e+00
   3.3366666e+02  -5.0252664e+01   1.0000000e+00
   3.3400000e+02  -5.0300697e+01   1.0000000e+00
   3.3421138e+02  -5.0330811e+01   1.0000000e+00
   3.3433334e+02  -5.0352797e+01   1.0000000e+00
   3.3466666e+02  -5.0435841e+01   1.0000000e+00
   3.3500000e+02  -5.0527608e+01   1.0000000e+00
   3.3508634e+02  -5.0543118e+01   1.0000000e+00
   3.3533334e+02  -5.0591904e+01   1.0000000e+00
   3.3566666e+02  -5.0621559e+01   1.0000000e+00
   3.3600000e+02  -5.0659140e+01   1.0000000e+00
   3.3633334e+02  -5.0728671e+01   1.0000000e+00
   3.3642538e+02  -5.0754475e+01   1.0000000e+00
   3.3666666e+02  -5.0842552e+01   1.0000000e+00
   3.3700000e+02  -5.0927263e+01   1.0000000e+00
   3.3721121e+02  -5.0964882e+01   1.0000000e+00
   3.3733334e+02  -5.0984070e+01   1.0000000e+00
   3.3766666e+02  -5.1014145e+01   1.0000000e+00
   3.3800000e+02  -5.1017907e+01   1.0000000e+00
   3.3833334e+02  -5.0997396e+01   1.0000000e+00
   3.3866666e+02  -5.0965805e+01   1.0000000e+00
   3.3867805e+02  -5.0964882e+01   1.0000000e+00
   3.3900000e+02  -5.0933942e+01   1.0000000e+00
   3.3933334e+02  -5.0917775e+01   1.0000000e+00
   3.3966666e+02  -5.0922854e+01   1.0000000e+00
   3.4000000e+02  -5.0956054e+01   1.0000000e+00
   3.4005087e+02  -5.0964882e+01   1.0000000e+00
   3.4033334e+02  -5.1001327e+01   1.0000000e+00
   3.4066666e+02  -5.1034136e+01   1.0000000e+00
   3.4100000e+02  -5.1055769e+01   1.0000000e+00
   3.4133334e+02  -5.1067485e+01   1.0000000e+00
   3.4166666e+02  -5.1060886e+01   1.0000000e+00
   3.4200000e+02  -5.1041459e+01   1.0000000e+00
   3.4233334e+02  -5.1026197e+01   1.0000000e+00
   3.4266666e+02  -5.1023361e+01   1.0000000e+00
   3.4300000e+02  -5.1015373e+01   1.0000000e+00
   3.4333334e+02  -5.0979566e+01   1.0000000e+00
   3.4342400e+02  -5.0964882e+01   1.0000000e+00
   3.4366666e+02  -5.0923535e+01   1.0000000e+00
   3.4400000e+02  -5.0863372e+01   1.0000000e+00
   3.4433334e+02  -5.0786739e+01   1.0000000e+00
   3.4442971e+02  -5.0754475e+01   1.0000000e+00
   3.4466666e+02  -5.0673720e+01   1.0000000e+00
   3.4498351e+02  -5.0543118e+01   1.0000000e+00
   3.4500000e+02  -5.0535345e+01   1.0000000e+00
   3.4533334e+02  -5.0374933e+01   1.0000000e+00
   3.4544191e+02  -5.0330811e+01   1.0000000e+00
   3.4566666e+02  -5.0236562e+01   1.0000000e+00
   3.4600000e+02  -5.0160031e+01   1.0000000e+00
   3.4633334e+02  -5.0128229e+01   1.0000000e+00
   3.4646807e+02  -5.0117550e+01   1.0000000e+00
   3.4666666e+02  -5.0102818e+01   1.0000000e+00
   3.4700000e+02  -5.0063387e+01   1.0000000e+00
   3.4733334e+02  -5.0004477e+01   1.0000000e+00
   3.4766666e+02  -4.9906622e+01   1.0000000e+00
   3.4767417e+02  -4.9903336e+01   1.0000000e+00
   3.4800000e+02  -4.9734101e+01   1.0000000e+00
   3.4807905e+02  -4.9688164e+01   1.0000000e+00
   3.4833334e+02  -4.9518376e+01   1.0000000e+00
   3.4840744e+02  -4.9472034e+01   1.0000000e+00
   3.4866666e+02  -4.9290141e+01   1.0000000e+00
   3.4872860e+02  -4.9254951e+01   1.0000000e+00
   3.4900000e+02  -4.9099401e+01   1.0000000e+00
   3.4916012e+02  -4.9036907e+01   1.0000000e+00
   3.4933334e+02  -4.8978454e+01   1.0000000e+00
   3.4966666e+02  -4.8884369e+01   1.0000000e+00
   3.4992340e+02  -4.8817902e+01   1.0000000e+00
   3.5000000e+02  -4.8799564e+01   1.0000000e+00
   3.5033334e+02  -4.8724713e+01   1.0000000e+00
   3.5066666e+02  -4.8654272e+01   1.0000000e+00
   3.5095443e+02  -4.8597935e+01   1.0000000e+00
   3.5100000e+02  -4.8589851e+01   1.0000000e+00
   3.5133334e+02  -4.8540010e+01   1.0000000e+00
   3.5166666e+02  -4.8488195e+01   1.0000000e+00
   3.5200000e+02  -4.8428453e+01   1.0000000e+00
   3.5233199e+02  -4.8377007e+01   1.0000000e+00
   3.5233334e+02  -4.8376812e+01   1.0000000e+00
   3.5266666e+02  -4.8338174e+01   1.0000000e+00
   3.5300000e+02  -4.8303490e+01   1.0000000e+00
   3.5333334e+02  -4.8274151e+01   1.0000000e+00
   3.5366666e+02  -4.8256072e+01   1.0000000e+00
   3.5400000e+02  -4.8252593e+01   1.0000000e+00
   3.5433334e+02  -4.8268466e+01   1.0000000e+00
   3.5466666e+02  -4.8296319e+01   1.0000000e+00
   3.5500000e+02  -4.8333806e+01   1.0000000e+00
   3.5520382e+02  -4.8377007e+01   1.0000000e+00
   3.5533334e+02  -4.8404595e+01   1.0000000e+00
   3.5566666e+02  -4.8467847e+01   1.0000000e+00
   3.5600000e+02  -4.8513618e+01   1.0000000e+00
   3.5633334e+02  -4.8547408e+01   1.0000000e+00
   3.5666666e+02  -4.8573719e+01   1.0000000e+00
   3.5691848e+02  -4.8597935e+01   1.0000000e+00
   3.5700000e+02  -4.8606227e+01   1.0000000e+00
   3.5733334e+02  -4.8657955e+01   1.0000000e+00
   3.5766666e+02  -4.8719547e+01   1.0000000e+00
   3.5800000e+02  -4.8787181e+01   1.0000000e+00
   3.5813619e+02  -4.8817902e+01   1.0000000e+00
   3.5833334e+02  -4.8862067e+01   1.0000000e+00
   3.5866666e+02  -4.8944790e+01   1.0000000e+00
   3.5900000e+02  -4.9035791e+01   1.0000000e+00
   3.5900638e+02  -4.9036907e+01   1.0000000e+00
   3.5933334e+02  -4.9088657e+01   1.0000000e+00
   3.5966666e+02  -4.9166542e+01   1.0000000e+00
   3.5992107e+02  -4.9254951e+01   1.0000000e+00
   3.6000000e+02  -4.9283296e+01   1.0000000e+00
