   0.0000000e+00  -5.1736677e+01   1.0000000e+00
   3.3250308e-01  -5.1797039e+01   1.0000000e+00
   3.3333334e-01  -5.1797192e+01   1.0000000e+00
   6.6666669e-01  -5.1861563e+01   1.0000000e+00
   1.0000000e+00  -5.1973861e+01   1.0000000e+00
   1.3333334e+00  -5.1999751e+01   1.0000000e+00
   1.3465055e+00  -5.2002716e+01   1.0000000e+00
   1.6666666e+00  -5.2084735e+01   1.0000000e+00
   2.0000000e+00  -5.2159291e+01   1.0000000e+00
   2.3333333e+00  -5.2197278e+01   1.0000000e+00
   2.5109358e+00  -5.2207455e+01   1.0000000e+00
   2.6666667e+00  -5.2216201e+01   1.0000000e+00
   3.0000000e+00  -5.2233489e+01   1.0000000e+00
   3.3333333e+00  -5.2261788e+01   1.0000000e+00
   3.6666667e+00  -5.2289029e+01   1.0000000e+00
   4.0000000e+00  -5.2306630e+01   1.0000000e+00
   4.3333335e+00  -5.2315272e+01   1.0000000e+00
   4.6666665e+00  -5.2321714e+01   1.0000000e+00
   5.0000000e+00  -5.2321832e+01   1.0000000e+00
   5.3333335e+00  -5.2304788e+01   1.0000000e+00
   5.6666665e+00  -5.2274132e+01   1.0000000e+00
   6.0000000e+00  -5.2230426e+01   1.0000000e+00
   6.1277507e+00  -5.2207455e+01   1.0000000e+00
   6.3333335e+00  -5.2172455e+01   1.0000000e+00
   6.6666665e+00  -5.2111351e+01   1.0000000e+00
   7.0000000e+00  -5.2044928e+01   1.0000000e+00
   7.1782536e+00  -5.2002716e+01   1.0000000e+00
   7.3333335e+00  -5.1974256e+01   1.0000000e+00
   7.6666665e+00  -5.1911337e+01   1.0000000e+00
   8.0000000e+00  -5.1858177e+01   1.0000000e+00
   8.3333330e+00  -5.1825677e+01   1.0000000e+00
   8.6666670e+00  -5.1807394e+01   1.0000000e+00
   8.7887011e+00  -5.1797039e+01   1.0000000e+00
   9.0000000e+00  -5.1781749e+01   1.0000000e+00
   9.3333330e+00  -5.1757559e+01   1.0000000e+00
   9.6666670e+00  -5.1743576e+01   1.0000000e+00
   1.0000000e+01  -5.1737554e+01   1.0000000e+00
   1.0333333e+01  -5.1734400e+01   1.0000000e+00
   1.0666667e+01  -5.1717282e+01   1.0000000e+00
   1.1000000e+01  -5.1685453e+01   1.0000000e+00
   1.1333333e+01  -5.1650116e+01   1.0000000e+00
   1.1666667e+01  -5.1614174e+01   1.0000000e+00
   1.1937684e+01  -5.1590416e+01   1.0000000e+00
   1.2000000e+01  -5.1585084e+01   1.0000000e+00
   1.2333333e+01  -5.1568228e+01   1.0000000e+00
   1.2666667e+01  -5.1565172e+01   1.0000000e+00
   1.3000000e+01  -5.1569595e+01   1.0000000e+00
   1.3333333e+01  -5.1582311e+01   1.0000000e+00
   1.3513904e+01  -5.1590416e+01   1.0000000e+00
   1.3666667e+01  -5.1597556e+01   1.0000000e+00
   1.4000000e+01  -5.1612470e+01   1.0000000e+00
   1.4333333e+01  -5.1623575e+01   1.0000000e+00
   1.4666667e+01  -5.1631458e+01   1.0000000e+00
   1.5000000e+01  -5.1641724e+01   1.0000000e+00
   1.5333333e+01  -5.1658294e+01   1.0000000e+00
   1.5666667e+01  -5.1678050e+01   1.0000000e+00
   1.6000000e+01  -5.1695248e+01   1.0000000e+00
   1.6333334e+01  -5.1702915e+01   1.0000000e+00
   1.6666666e+01  -5.1710927e+01   1.0000000e+00
   1.7000000e+01  -5.1724972e+01   1.0000000e+00
   1.7333334e+01  -5.1736179e+01   1.0000000e+00
   1.7666666e+01  -5.1743100e+01   1.0000000e+00
   1.8000000e+01  -5.1740239e+01   1.0000000e+00
   1.8333334e+01  -5.1723025e+01   1.0000000e+00
   1.8666666e+01  -5.1695556e+01   1.0000000e+00
   1.9000000e+01  -5.1656980e+01   1.0000000e+00
   1.9333334e+01  -5.1610265e+01   1.0000000e+00
   1.9485346e+01  -5.1590416e+01   1.0000000e+00
   1.9666666e+01  -5.1569952e+01   1.0000000e+00
   2.0000000e+01  -5.1541364e+01   1.0000000e+00
   2.0333334e+01  -5.1517913e+01   1.0000000e+00
   2.0666666e+01  -5.1493477e+01   1.0000000e+00
   2.1000000e+01  -5.1461364e+01   1.0000000e+00
   2.1333334e+01  -5.1417379e+01   1.0000000e+00
   2.1539625e+01  -5.1382851e+01   1.0000000e+00
   2.1666666e+01  -5.1363912e+01   1.0000000e+00
   2.2000000e+01  -5.1324201e+01   1.0000000e+00
   2.2333334e+01  -5.1305125e+01   1.0000000e+00
   2.2666666e+01  -5.1290000e+01   1.0000000e+00
   2.3000000e+01  -5.1262336e+01   1.0000000e+00
   2.3333334e+01  -5.1223769e+01   1.0000000e+00
   2.3666666e+01  -5.1193941e+01   1.0000000e+00
   2.3947607e+01  -5.1174343e+01   1.0000000e+00
   2.4000000e+01  -5.1170835e+01   1.0000000e+00
   2.4333334e+01  -5.1162259e+01   1.0000000e+00
   2.4666666e+01  -5.1167202e+01   1.0000000e+00
   2.4885656e+01  -5.1174343e+01   1.0000000e+00
   2.5000000e+01  -5.1177905e+01   1.0000000e+00
   2.5333334e+01  -5.1192740e+01   1.0000000e+00
   2.5666666e+01  -5.1177948e+01   1.0000000e+00
   2.5701730e+01  -5.1174343e+01   1.0000000e+00
   2.6000000e+01  -5.1142627e+01   1.0000000e+00
   2.6333334e+01  -5.1136562e+01   1.0000000e+00
   2.6531166e+01  -5.1174343e+01   1.0000000e+00
   2.6666666e+01  -5.1201577e+01   1.0000000e+00
   2.7000000e+01  -5.1344564e+01   1.0000000e+00
   2.7069765e+01  -5.1382851e+01   1.0000000e+00
   2.7333334e+01  -5.1556298e+01   1.0000000e+00
   2.7388559e+01  -5.1590416e+01   1.0000000e+00
   2.7666666e+01  -5.1791248e+01   1.0000000e+00
   2.7674302e+01  -5.1797039e+01   1.0000000e+00
   2.7931190e+01  -5.2002716e+01   1.0000000e+00
   2.8000000e+01  -5.2069415e+01   1.0000000e+00
   2.8161352e+01  -5.2207455e+01   1.0000000e+00
   2.8333334e+01  -5.2318376e+01   1.0000000e+00
   2.8509570e+01  -5.2411255e+01   1.0000000e+00
   2.8666666e+01  -5.2497096e+01   1.0000000e+00
   2.8911425e+01  -5.2614117e+01   1.0000000e+00
   2.9000000e+01  -5.2654207e+01   1.0000000e+00
   2.9333334e+01  -5.2748975e+01   1.0000000e+00
   2.9550552e+01  -5.2816040e+01   1.0000000e+00
   2.9666666e+01  -5.2857882e+01   1.0000000e+00
   2.9957665e+01  -5.3017033e+01   1.0000000e+00
   3.0000000e+01  -5.3050909e+01   1.0000000e+00
   3.0244726e+01  -5.3217094e+01   1.0000000e+00
   3.0333334e+01  -5.3275227e+01   1.0000000e+00
   3.0632983e+01  -5.3416225e+01   1.0000000e+00
   3.0666666e+01  -5.3431031e+01   1.0000000e+00
   3.1000000e+01  -5.3532022e+01   1.0000000e+00
   3.1304224e+01  -5.3614426e+01   1.0000000e+00
   3.1333334e+01  -5.3625128e+01   1.0000000e+00
   3.1666666e+01  -5.3804428e+01   1.0000000e+00
   3.1676111e+01  -5.3811703e+01   1.0000000e+00
   3.1847382e+01  -5.4008053e+01   1.0000000e+00
   3.1899288e+01  -5.4203484e+01   1.0000000e+00
   3.1958285e+01  -5.4397995e+01   1.0000000e+00
   3.2000000e+01  -5.4459178e+01   1.0000000e+00
   3.2140122e+01  -5.4591587e+01   1.0000000e+00
   3.2333332e+01  -5.4701026e+01   1.0000000e+00
   3.2666668e+01  -5.4757853e+01   1.0000000e+00
   3.3000000e+01  -5.4722369e+01   1.0000000e+00
   3.3333332e+01  -5.4703909e+01   1.0000000e+00
   3.3666668e+01  -5.4766495e+01   1.0000000e+00
   3.3704596e+01  -5.4784260e+01   1.0000000e+00
   3.4000000e+01  -5.4955870e+01   1.0000000e+00
   3.4020906e+01  -5.4976025e+01   1.0000000e+00
   3.4282505e+01  -5.5166874e+01   1.0000000e+00
   3.4333332e+01  -5.5199291e+01   1.0000000e+00
   3.4591618e+01  -5.5356815e+01   1.0000000e+00
   3.4666668e+01  -5.5393581e+01   1.0000000e+00
   3.5000000e+01  -5.5499377e+01   1.0000000e+00
   3.5247515e+01  -5.5545853e+01   1.0000000e+00
   3.5333332e+01  -5.5559177e+01   1.0000000e+00
   3.5666668e+01  -5.5598032e+01   1.0000000e+00
   3.6000000e+01  -5.5640318e+01   1.0000000e+00
   3.6333332e+01  -5.5677285e+01   1.0000000e+00
   3.6666668e+01  -5.5672827e+01   1.0000000e+00
   3.7000000e+01  -5.5577153e+01   1.0000000e+00
   3.7074902e+01  -5.5545853e+01   1.0000000e+00
   3.7333332e+01  -5.5473415e+01   1.0000000e+00
   3.7666668e+01  -5.5427720e+01   1.0000000e+00
   3.8000000e+01  -5.5390308e+01   1.0000000e+00
   3.8175513e+01  -5.5356815e+01   1.0000000e+00
   3.8333332e+01  -5.5320501e+01   1.0000000e+00
   3.8666668e+01  -5.5174988e+01   1.0000000e+00
   3.8678468e+01  -5.5166874e+01   1.0000000e+00
   3.8857578e+01  -5.4976025e+01   1.0000000e+00
   3.9000000e+01  -5.4786990e+01   1.0000000e+00
   3.9002487e+01  -5.4784260e+01   1.0000000e+00
   3.9328236e+01  -5.4591587e+01   1.0000000e+00
   3.9333332e+01  -5.4588714e+01   1.0000000e+00
   3.9657069e+01  -5.4397995e+01   1.0000000e+00
   3.9666668e+01  -5.4385933e+01   1.0000000e+00
   3.9772123e+01  -5.4203484e+01   1.0000000e+00
   3.9819976e+01  -5.4008053e+01   1.0000000e+00
   3.9908353e+01  -5.3811703e+01   1.0000000e+00
   4.0000000e+01  -5.3706892e+01   1.0000000e+00
   4.0107810e+01  -5.3614426e+01   1.0000000e+00
   4.0333332e+01  -5.3475996e+01   1.0000000e+00
   4.0464249e+01  -5.3416225e+01   1.0000000e+00
   4.0666668e+01  -5.3309722e+01   1.0000000e+00
   4.0818280e+01  -5.3217094e+01   1.0000000e+00
   4.1000000e+01  -5.3055023e+01   1.0000000e+00
   4.1034972e+01  -5.3017033e+01   1.0000000e+00
   4.1333332e+01  -5.2982427e+01   1.0000000e+00
   4.1666668e+01  -5.2956545e+01   1.0000000e+00
   4.1920644e+01  -5.2816040e+01   1.0000000e+00
   4.2000000e+01  -5.2767968e+01   1.0000000e+00
   4.2331099e+01  -5.2614117e+01   1.0000000e+00
   4.2333332e+01  -5.2609974e+01   1.0000000e+00
   4.2666668e+01  -5.2459669e+01   1.0000000e+00
   4.3000000e+01  -5.2462170e+01   1.0000000e+00
   4.3303588e+01  -5.2614117e+01   1.0000000e+00
   4.3333332e+01  -5.2632135e+01   1.0000000e+00
   4.3666668e+01  -5.2645013e+01   1.0000000e+00
   4.4000000e+01  -5.2661641e+01   1.0000000e+00
   4.4333332e+01  -5.2680045e+01   1.0000000e+00
   4.4666668e+01  -5.2693234e+01   1.0000000e+00
   4.4894340e+01  -5.2816040e+01   1.0000000e+00
   4.5000000e+01  -5.2879751e+01   1.0000000e+00
   4.5333332e+01  -5.2891689e+01   1.0000000e+00
   4.5562841e+01  -5.3017033e+01   1.0000000e+00
   4.5611523e+01  -5.3217094e+01   1.0000000e+00
   4.5666668e+01  -5.3385860e+01   1.0000000e+00
   4.5738397e+01  -5.3416225e+01   1.0000000e+00
   4.6000000e+01  -5.3541828e+01   1.0000000e+00
   4.6152812e+01  -5.3614426e+01   1.0000000e+00
   4.6333332e+01  -5.3693133e+01   1.0000000e+00
   4.6613304e+01  -5.3811703e+01   1.0000000e+00
   4.6666668e+01  -5.3830428e+01   1.0000000e+00
   4.7000000e+01  -5.3939952e+01   1.0000000e+00
   4.7167459e+01  -5.4008053e+01   1.0000000e+00
   4.7333332e+01  -5.4081860e+01   1.0000000e+00
   4.7575788e+01  -5.4203484e+01   1.0000000e+00
   4.7666668e+01  -5.4246037e+01   1.0000000e+00
   4.8000000e+01  -5.4362016e+01   1.0000000e+00
   4.8204748e+01  -5.4397995e+01   1.0000000e+00
   4.8333332e+01  -5.4420246e+01   1.0000000e+00
   4.8666668e+01  -5.4459990e+01   1.0000000e+00
   4.9000000e+01  -5.4536211e+01   1.0000000e+00
   4.9175948e+01  -5.4591587e+01   1.0000000e+00
   4.9333332e+01  -5.4634139e+01   1.0000000e+00
   4.9666668e+01  -5.4709781e+01   1.0000000e+00
   5.0000000e+01  -5.4758865e+01   1.0000000e+00
   5.0167538e+01  -5.4784260e+01   1.0000000e+00
   5.0333332e+01  -5.4807888e+01   1.0000000e+00
   5.0666668e+01  -5.4877214e+01   1.0000000e+00
   5.1000000e+01  -5.4969048e+01   1.0000000e+00
   5.1025147e+01  -5.4976025e+01   1.0000000e+00
   5.1333332e+01  -5.5072618e+01   1.0000000e+00
   5.1636087e+01  -5.5166874e+01   1.0000000e+00
   5.1666668e+01  -5.5176829e+01   1.0000000e+00
   5.2000000e+01  -5.5277824e+01   1.0000000e+00
   5.2293413e+01  -5.5356815e+01   1.0000000e+00
   5.2333332e+01  -5.5367476e+01   1.0000000e+00
   5.2666668e+01  -5.5432462e+01   1.0000000e+00
   5.3000000e+01  -5.5478749e+01   1.0000000e+00
   5.3333332e+01  -5.5504408e+01   1.0000000e+00
   5.3666668e+01  -5.5507858e+01   1.0000000e+00
   5.4000000e+01  -5.5507152e+01   1.0000000e+00
   5.4333332e+01  -5.5536611e+01   1.0000000e+00
   5.4372748e+01  -5.5545853e+01   1.0000000e+00
   5.4666668e+01  -5.5612599e+01   1.0000000e+00
   5.5000000e+01  -5.5703040e+01   1.0000000e+00
   5.5104700e+01  -5.5733982e+01   1.0000000e+00
   5.5333332e+01  -5.5799283e+01   1.0000000e+00
   5.5666668e+01  -5.5916710e+01   1.0000000e+00
   5.5677212e+01  -5.5921211e+01   1.0000000e+00
   5.6000000e+01  -5.6079695e+01   1.0000000e+00
   5.6058967e+01  -5.6107536e+01   1.0000000e+00
   5.6333332e+01  -5.6248534e+01   1.0000000e+00
   5.6437937e+01  -5.6292969e+01   1.0000000e+00
   5.6666668e+01  -5.6412830e+01   1.0000000e+00
   5.6813151e+01  -5.6477505e+01   1.0000000e+00
   5.7000000e+01  -5.6573857e+01   1.0000000e+00
   5.7314569e+01  -5.6661144e+01   1.0000000e+00
   5.7333332e+01  -5.6666457e+01   1.0000000e+00
   5.7666668e+01  -5.6692887e+01   1.0000000e+00
   5.8000000e+01  -5.6702829e+01   1.0000000e+00
   5.8333332e+01  -5.6712713e+01   1.0000000e+00
   5.8666668e+01  -5.6746782e+01   1.0000000e+00
   5.9000000e+01  -5.6835538e+01   1.0000000e+00
   5.9020853e+01  -5.6843895e+01   1.0000000e+00
   5.9201613e+01  -5.7025761e+01   1.0000000e+00
   5.9208646e+01  -5.7206738e+01   1.0000000e+00
   5.9238387e+01  -5.7386833e+01   1.0000000e+00
   5.9333332e+01  -5.7513108e+01   1.0000000e+00
   5.9371956e+01  -5.7566048e+01   1.0000000e+00
   5.9647806e+01  -5.7744385e+01   1.0000000e+00
   5.9666668e+01  -5.7752867e+01   1.0000000e+00
   6.0000000e+01  -5.7886775e+01   1.0000000e+00
   6.0107559e+01  -5.7921848e+01   1.0000000e+00
   6.0333332e+01  -5.7996160e+01   1.0000000e+00
   6.0666668e+01  -5.8089133e+01   1.0000000e+00
   6.0721987e+01  -5.8098438e+01   1.0000000e+00
   6.1000000e+01  -5.8142087e+01   1.0000000e+00
   6.1333332e+01  -5.8159874e+01   1.0000000e+00
   6.1666668e+01  -5.8177365e+01   1.0000000e+00
   6.2000000e+01  -5.8197651e+01   1.0000000e+00
   6.2333332e+01  -5.8197169e+01   1.0000000e+00
   6.2666668e+01  -5.8184928e+01   1.0000000e+00
   6.3000000e+01  -5.8201776e+01   1.0000000e+00
   6.3333332e+01  -5.8263746e+01   1.0000000e+00
   6.3383123e+01  -5.8274158e+01   1.0000000e+00
   6.3666668e+01  -5.8328743e+01   1.0000000e+00
   6.4000000e+01  -5.8377796e+01   1.0000000e+00
   6.4333336e+01  -5.8434315e+01   1.0000000e+00
   6.4389562e+01  -5.8449009e+01   1.0000000e+00
   6.4666664e+01  -5.8528569e+01   1.0000000e+00
   6.4915134e+01  -5.8622997e+01   1.0000000e+00
   6.5000000e+01  -5.8657939e+01   1.0000000e+00
   6.5333336e+01  -5.8745915e+01   1.0000000e+00
   6.5666664e+01  -5.8776294e+01   1.0000000e+00
   6.6000000e+01  -5.8770763e+01   1.0000000e+00
   6.6333336e+01  -5.8744822e+01   1.0000000e+00
   6.6666664e+01  -5.8726703e+01   1.0000000e+00
   6.7000000e+01  -5.8735102e+01   1.0000000e+00
   6.7333336e+01  -5.8794074e+01   1.0000000e+00
   6.7340778e+01  -5.8796120e+01   1.0000000e+00
   6.7666664e+01  -5.8915112e+01   1.0000000e+00
   6.7879674e+01  -5.8968388e+01   1.0000000e+00
   6.8000000e+01  -5.8989696e+01   1.0000000e+00
   6.8126689e+01  -5.8968388e+01   1.0000000e+00
   6.8333336e+01  -5.8807645e+01   1.0000000e+00
   6.8339037e+01  -5.8796120e+01   1.0000000e+00
   6.8333336e+01  -5.8782967e+01   1.0000000e+00
   6.8254699e+01  -5.8622997e+01   1.0000000e+00
   6.8196682e+01  -5.8449009e+01   1.0000000e+00
   6.8285029e+01  -5.8274158e+01   1.0000000e+00
   6.8333336e+01  -5.8245833e+01   1.0000000e+00
   6.8666664e+01  -5.8118414e+01   1.0000000e+00
   6.8877713e+01  -5.8098438e+01   1.0000000e+00
   6.9000000e+01  -5.8090244e+01   1.0000000e+00
   6.9333336e+01  -5.8083052e+01   1.0000000e+00
   6.9666664e+01  -5.8069857e+01   1.0000000e+00
   7.0000000e+01  -5.8075707e+01   1.0000000e+00
   7.0333336e+01  -5.8076372e+01   1.0000000e+00
   7.0666664e+01  -5.8057389e+01   1.0000000e+00
   7.1000000e+01  -5.7998917e+01   1.0000000e+00
   7.1222927e+01  -5.7921848e+01   1.0000000e+00
   7.1333336e+01  -5.7895690e+01   1.0000000e+00
   7.1666664e+01  -5.7797066e+01   1.0000000e+00
   7.1810119e+01  -5.7744385e+01   1.0000000e+00
   7.2000000e+01  -5.7679444e+01   1.0000000e+00
   7.2237299e+01  -5.7566048e+01   1.0000000e+00
   7.2333336e+01  -5.7527495e+01   1.0000000e+00
   7.2666664e+01  -5.7387834e+01   1.0000000e+00
   7.2669310e+01  -5.7386833e+01   1.0000000e+00
   7.3000000e+01  -5.7266700e+01   1.0000000e+00
   7.3157726e+01  -5.7206738e+01   1.0000000e+00
   7.3333336e+01  -5.7140499e+01   1.0000000e+00
   7.3599226e+01  -5.7025761e+01   1.0000000e+00
   7.3666664e+01  -5.6999477e+01   1.0000000e+00
   7.3980486e+01  -5.6843895e+01   1.0000000e+00
   7.4000000e+01  -5.6833495e+01   1.0000000e+00
   7.4242720e+01  -5.6661144e+01   1.0000000e+00
   7.4333336e+01  -5.6586205e+01   1.0000000e+00
   7.4451588e+01  -5.6477505e+01   1.0000000e+00
   7.4653398e+01  -5.6292969e+01   1.0000000e+00
   7.4666664e+01  -5.6280525e+01   1.0000000e+00
   7.4857901e+01  -5.6107536e+01   1.0000000e+00
   7.5000000e+01  -5.5997673e+01   1.0000000e+00
   7.5104550e+01  -5.5921211e+01   1.0000000e+00
   7.5333336e+01  -5.5773402e+01   1.0000000e+00
   7.5399984e+01  -5.5733982e+01   1.0000000e+00
   7.5666664e+01  -5.5573667e+01   1.0000000e+00
   7.5715157e+01  -5.5545853e+01   1.0000000e+00
   7.6000000e+01  -5.5541612e+01   1.0000000e+00
   7.6007477e+01  -5.5545853e+01   1.0000000e+00
   7.6333336e+01  -5.5721745e+01   1.0000000e+00
   7.6355017e+01  -5.5733982e+01   1.0000000e+00
   7.6666664e+01  -5.5902581e+01   1.0000000e+00
   7.7000000e+01  -5.5899058e+01   1.0000000e+00
   7.7291776e+01  -5.5733982e+01   1.0000000e+00
   7.7296054e+01  -5.5545853e+01   1.0000000e+00
   7.7333336e+01  -5.5524710e+01   1.0000000e+00
   7.7627840e+01  -5.5356815e+01   1.0000000e+00
   7.7633049e+01  -5.5166874e+01   1.0000000e+00
   7.7638336e+01  -5.4976025e+01   1.0000000e+00
   7.7644132e+01  -5.4784260e+01   1.0000000e+00
   7.7650663e+01  -5.4591587e+01   1.0000000e+00
   7.7657951e+01  -5.4397995e+01   1.0000000e+00
   7.7666664e+01  -5.4392910e+01   1.0000000e+00
   7.7987992e+01  -5.4203484e+01   1.0000000e+00
   7.8000000e+01  -5.4196444e+01   1.0000000e+00
   7.8333336e+01  -5.4191375e+01   1.0000000e+00
   7.8353988e+01  -5.4203484e+01   1.0000000e+00
   7.8666664e+01  -5.4378253e+01   1.0000000e+00
   7.8967544e+01  -5.4203484e+01   1.0000000e+00
   7.8973608e+01  -5.4008053e+01   1.0000000e+00
   7.8980263e+01  -5.3811703e+01   1.0000000e+00
   7.8666664e+01  -5.3618265e+01   1.0000000e+00
   7.8660177e+01  -5.3614426e+01   1.0000000e+00
   7.8666664e+01  -5.3442322e+01   1.0000000e+00
   7.8715116e+01  -5.3416225e+01   1.0000000e+00
   7.9000000e+01  -5.3255596e+01   1.0000000e+00
   7.9090947e+01  -5.3217094e+01   1.0000000e+00
   7.9333336e+01  -5.3115485e+01   1.0000000e+00
   7.9636092e+01  -5.3017033e+01   1.0000000e+00
   7.9666664e+01  -5.3007533e+01   1.0000000e+00
   8.0000000e+01  -5.2921901e+01   1.0000000e+00
   8.0333336e+01  -5.2871313e+01   1.0000000e+00
   8.0666664e+01  -5.2841439e+01   1.0000000e+00
   8.1000000e+01  -5.2836622e+01   1.0000000e+00
   8.1333336e+01  -5.2857401e+01   1.0000000e+00
   8.1666664e+01  -5.2872988e+01   1.0000000e+00
   8.2000000e+01  -5.2895600e+01   1.0000000e+00
   8.2333336e+01  -5.2992633e+01   1.0000000e+00
   8.2377824e+01  -5.3017033e+01   1.0000000e+00
   8.2666664e+01  -5.3189454e+01   1.0000000e+00
   8.2709500e+01  -5.3217094e+01   1.0000000e+00
   8.3000000e+01  -5.3347678e+01   1.0000000e+00
   8.3211185e+01  -5.3416225e+01   1.0000000e+00
   8.3333336e+01  -5.3457893e+01   1.0000000e+00
   8.3666664e+01  -5.3539485e+01   1.0000000e+00
   8.3912781e+01  -5.3614426e+01   1.0000000e+00
   8.4000000e+01  -5.3670585e+01   1.0000000e+00
   8.4122918e+01  -5.3811703e+01   1.0000000e+00
   8.4206058e+01  -5.4008053e+01   1.0000000e+00
   8.4275926e+01  -5.4203484e+01   1.0000000e+00
   8.4333336e+01  -5.4279032e+01   1.0000000e+00
   8.4442232e+01  -5.4397995e+01   1.0000000e+00
   8.4666664e+01  -5.4541015e+01   1.0000000e+00
   8.4741524e+01  -5.4591587e+01   1.0000000e+00
   8.4981293e+01  -5.4784260e+01   1.0000000e+00
   8.5000000e+01  -5.4805660e+01   1.0000000e+00
   8.5123276e+01  -5.4976025e+01   1.0000000e+00
   8.5223119e+01  -5.5166874e+01   1.0000000e+00
   8.5306810e+01  -5.5356815e+01   1.0000000e+00
   8.5333336e+01  -5.5425932e+01   1.0000000e+00
   8.5382762e+01  -5.5545853e+01   1.0000000e+00
   8.5456261e+01  -5.5733982e+01   1.0000000e+00
   8.5516695e+01  -5.5921211e+01   1.0000000e+00
   8.5590450e+01  -5.6107536e+01   1.0000000e+00
   8.5666664e+01  -5.6234553e+01   1.0000000e+00
   8.5707710e+01  -5.6292969e+01   1.0000000e+00
   8.5904592e+01  -5.6477505e+01   1.0000000e+00
   8.6000000e+01  -5.6540256e+01   1.0000000e+00
   8.6290413e+01  -5.6661144e+01   1.0000000e+00
   8.6333336e+01  -5.6678657e+01   1.0000000e+00
   8.6666664e+01  -5.6760113e+01   1.0000000e+00
   8.7000000e+01  -5.6821763e+01   1.0000000e+00
   8.7152394e+01  -5.6843895e+01   1.0000000e+00
   8.7333336e+01  -5.6874582e+01   1.0000000e+00
   8.7666664e+01  -5.6956134e+01   1.0000000e+00
   8.7918000e+01  -5.7025761e+01   1.0000000e+00
   8.8000000e+01  -5.7048518e+01   1.0000000e+00
   8.8333336e+01  -5.7142275e+01   1.0000000e+00
   8.8583978e+01  -5.7206738e+01   1.0000000e+00
   8.8666664e+01  -5.7229472e+01   1.0000000e+00
   8.9000000e+01  -5.7284924e+01   1.0000000e+00
   8.9333336e+01  -5.7269993e+01   1.0000000e+00
   8.9648507e+01  -5.7206738e+01   1.0000000e+00
   8.9666664e+01  -5.7202977e+01   1.0000000e+00
   9.0000000e+01  -5.7113706e+01   1.0000000e+00
   9.0333336e+01  -5.7032209e+01   1.0000000e+00
   9.0362808e+01  -5.7025761e+01   1.0000000e+00
   9.0666664e+01  -5.6948200e+01   1.0000000e+00
   9.0999865e+01  -5.6843895e+01   1.0000000e+00
   9.1000000e+01  -5.6843855e+01   1.0000000e+00
   9.1333336e+01  -5.6733653e+01   1.0000000e+00
   9.1567636e+01  -5.6661144e+01   1.0000000e+00
   9.1666664e+01  -5.6631756e+01   1.0000000e+00
   9.2000000e+01  -5.6543671e+01   1.0000000e+00
   9.2299529e+01  -5.6477505e+01   1.0000000e+00
   9.2333336e+01  -5.6470083e+01   1.0000000e+00
   9.2666664e+01  -5.6401766e+01   1.0000000e+00
   9.3000000e+01  -5.6343000e+01   1.0000000e+00
   9.3333336e+01  -5.6303213e+01   1.0000000e+00
   9.3440178e+01  -5.6292969e+01   1.0000000e+00
   9.3666664e+01  -5.6270344e+01   1.0000000e+00
   9.4000000e+01  -5.6246211e+01   1.0000000e+00
   9.4333336e+01  -5.6240441e+01   1.0000000e+00
   9.4666664e+01  -5.6245668e+01   1.0000000e+00
   9.5000000e+01  -5.6243575e+01   1.0000000e+00
   9.5333336e+01  -5.6213534e+01   1.0000000e+00
   9.5666664e+01  -5.6161873e+01   1.0000000e+00
   9.6000000e+01  -5.6119793e+01   1.0000000e+00
   9.6242353e+01  -5.6107536e+01   1.0000000e+00
   9.6333336e+01  -5.6100144e+01   1.0000000e+00
   9.6666664e+01  -5.6053941e+01   1.0000000e+00
   9.7000000e+01  -5.5925557e+01   1.0000000e+00
   9.7010540e+01  -5.5921211e+01   1.0000000e+00
   9.7333336e+01  -5.5803026e+01   1.0000000e+00
   9.7666664e+01  -5.5762970e+01   1.0000000e+00
   9.7988818e+01  -5.5733982e+01   1.0000000e+00
   9.8000000e+01  -5.5732800e+01   1.0000000e+00
   9.8333336e+01  -5.5672245e+01   1.0000000e+00
   9.8666664e+01  -5.5584763e+01   1.0000000e+00
   9.8824421e+01  -5.5545853e+01   1.0000000e+00
   9.9000000e+01  -5.5509815e+01   1.0000000e+00
   9.9333336e+01  -5.5467198e+01   1.0000000e+00
   9.9666664e+01  -5.5429762e+01   1.0000000e+00
   1.0000000e+02  -5.5383394e+01   1.0000000e+00
   1.0014244e+02  -5.5356815e+01   1.0000000e+00
   1.0033334e+02  -5.5311913e+01   1.0000000e+00
   1.0066666e+02  -5.5211571e+01   1.0000000e+00
   1.0078969e+02  -5.5166874e+01   1.0000000e+00
   1.0100000e+02  -5.5083598e+01   1.0000000e+00
   1.0133334e+02  -5.4976615e+01   1.0000000e+00
   1.0133804e+02  -5.4976025e+01   1.0000000e+00
   1.0166666e+02  -5.4941950e+01   1.0000000e+00
   1.0200000e+02  -5.4943721e+01   1.0000000e+00
   1.0233334e+02  -5.4953911e+01   1.0000000e+00
   1.0261312e+02  -5.4976025e+01   1.0000000e+00
   1.0266666e+02  -5.4981851e+01   1.0000000e+00
   1.0300000e+02  -5.5034753e+01   1.0000000e+00
   1.0333334e+02  -5.5074000e+01   1.0000000e+00
   1.0366666e+02  -5.5079167e+01   1.0000000e+00
   1.0400000e+02  -5.5058508e+01   1.0000000e+00
   1.0433334e+02  -5.5043654e+01   1.0000000e+00
   1.0466666e+02  -5.5063206e+01   1.0000000e+00
   1.0500000e+02  -5.5138219e+01   1.0000000e+00
   1.0506776e+02  -5.5166874e+01   1.0000000e+00
   1.0533334e+02  -5.5295851e+01   1.0000000e+00
   1.0545351e+02  -5.5356815e+01   1.0000000e+00
   1.0566666e+02  -5.5455028e+01   1.0000000e+00
   1.0595675e+02  -5.5545853e+01   1.0000000e+00
   1.0600000e+02  -5.5558524e+01   1.0000000e+00
   1.0633334e+02  -5.5629063e+01   1.0000000e+00
   1.0666666e+02  -5.5691292e+01   1.0000000e+00
   1.0684685e+02  -5.5733982e+01   1.0000000e+00
   1.0700000e+02  -5.5769671e+01   1.0000000e+00
   1.0733334e+02  -5.5830158e+01   1.0000000e+00
   1.0766666e+02  -5.5850811e+01   1.0000000e+00
   1.0800000e+02  -5.5869322e+01   1.0000000e+00
   1.0819875e+02  -5.5921211e+01   1.0000000e+00
   1.0833334e+02  -5.5963289e+01   1.0000000e+00
   1.0858485e+02  -5.6107536e+01   1.0000000e+00
   1.0866666e+02  -5.6148013e+01   1.0000000e+00
   1.0890352e+02  -5.6292969e+01   1.0000000e+00
   1.0900000e+02  -5.6350239e+01   1.0000000e+00
   1.0922247e+02  -5.6477505e+01   1.0000000e+00
   1.0933334e+02  -5.6537039e+01   1.0000000e+00
   1.0957891e+02  -5.6661144e+01   1.0000000e+00
   1.0966666e+02  -5.6705551e+01   1.0000000e+00
   1.0993008e+02  -5.6843895e+01   1.0000000e+00
   1.1000000e+02  -5.6880235e+01   1.0000000e+00
   1.1029953e+02  -5.7025761e+01   1.0000000e+00
   1.1033334e+02  -5.7039758e+01   1.0000000e+00
   1.1066666e+02  -5.7152440e+01   1.0000000e+00
   1.1083865e+02  -5.7206738e+01   1.0000000e+00
   1.1100000e+02  -5.7259597e+01   1.0000000e+00
   1.1130489e+02  -5.7386833e+01   1.0000000e+00
   1.1133334e+02  -5.7399475e+01   1.0000000e+00
   1.1166666e+02  -5.7553948e+01   1.0000000e+00
   1.1169773e+02  -5.7566048e+01   1.0000000e+00
   1.1200000e+02  -5.7683736e+01   1.0000000e+00
   1.1219362e+02  -5.7744385e+01   1.0000000e+00
   1.1233334e+02  -5.7787030e+01   1.0000000e+00
   1.1266666e+02  -5.7875336e+01   1.0000000e+00
   1.1283978e+02  -5.7921848e+01   1.0000000e+00
   1.1300000e+02  -5.7964075e+01   1.0000000e+00
   1.1333334e+02  -5.8045834e+01   1.0000000e+00
   1.1358443e+02  -5.8098438e+01   1.0000000e+00
   1.1366666e+02  -5.8117720e+01   1.0000000e+00
   1.1400000e+02  -5.8184325e+01   1.0000000e+00
   1.1433334e+02  -5.8235311e+01   1.0000000e+00
   1.1463415e+02  -5.8274158e+01   1.0000000e+00
   1.1466666e+02  -5.8278627e+01   1.0000000e+00
   1.1500000e+02  -5.8322941e+01   1.0000000e+00
   1.1533334e+02  -5.8363547e+01   1.0000000e+00
   1.1566666e+02  -5.8402499e+01   1.0000000e+00
   1.1600000e+02  -5.8435694e+01   1.0000000e+00
   1.1621416e+02  -5.8449009e+01   1.0000000e+00
   1.1633334e+02  -5.8456354e+01   1.0000000e+00
   1.1666666e+02  -5.8464736e+01   1.0000000e+00
   1.1700000e+02  -5.8458406e+01   1.0000000e+00
   1.1711325e+02  -5.8449009e+01   1.0000000e+00
   1.1733334e+02  -5.8430570e+01   1.0000000e+00
   1.1766666e+02  -5.8392061e+01   1.0000000e+00
   1.1800000e+02  -5.8342804e+01   1.0000000e+00
   1.1833334e+02  -5.8283275e+01   1.0000000e+00
   1.1837454e+02  -5.8274158e+01   1.0000000e+00
   1.1866666e+02  -5.8213004e+01   1.0000000e+00
   1.1899476e+02  -5.8098438e+01   1.0000000e+00
   1.1900000e+02  -5.8096600e+01   1.0000000e+00
   1.1933334e+02  -5.7935998e+01   1.0000000e+00
   1.1936623e+02  -5.7921848e+01   1.0000000e+00
   1.1966666e+02  -5.7818901e+01   1.0000000e+00
   1.2000000e+02  -5.7752868e+01   1.0000000e+00
   1.2007703e+02  -5.7744385e+01   1.0000000e+00
   1.2033334e+02  -5.7719610e+01   1.0000000e+00
   1.2066666e+02  -5.7698095e+01   1.0000000e+00
   1.2100000e+02  -5.7673573e+01   1.0000000e+00
   1.2133334e+02  -5.7647402e+01   1.0000000e+00
   1.2166666e+02  -5.7614091e+01   1.0000000e+00
   1.2200000e+02  -5.7582982e+01   1.0000000e+00
   1.2233334e+02  -5.7578672e+01   1.0000000e+00
   1.2266666e+02  -5.7615324e+01   1.0000000e+00
   1.2300000e+02  -5.7703535e+01   1.0000000e+00
   1.2309508e+02  -5.7744385e+01   1.0000000e+00
   1.2333334e+02  -5.7890681e+01   1.0000000e+00
   1.2338793e+02  -5.7921848e+01   1.0000000e+00
   1.2366666e+02  -5.8061956e+01   1.0000000e+00
   1.2376177e+02  -5.8098438e+01   1.0000000e+00
   1.2400000e+02  -5.8177799e+01   1.0000000e+00
   1.2422257e+02  -5.8274158e+01   1.0000000e+00
   1.2433334e+02  -5.8318226e+01   1.0000000e+00
   1.2461176e+02  -5.8449009e+01   1.0000000e+00
   1.2466666e+02  -5.8474411e+01   1.0000000e+00
   1.2500000e+02  -5.8591214e+01   1.0000000e+00
   1.2518088e+02  -5.8622997e+01   1.0000000e+00
   1.2533334e+02  -5.8648804e+01   1.0000000e+00
   1.2566666e+02  -5.8682128e+01   1.0000000e+00
   1.2600000e+02  -5.8716298e+01   1.0000000e+00
   1.2633334e+02  -5.8782904e+01   1.0000000e+00
   1.2637752e+02  -5.8796120e+01   1.0000000e+00
   1.2666666e+02  -5.8897058e+01   1.0000000e+00
   1.2683086e+02  -5.8968388e+01   1.0000000e+00
   1.2700000e+02  -5.9058109e+01   1.0000000e+00
   1.2714348e+02  -5.9139797e+01   1.0000000e+00
   1.2733334e+02  -5.9259596e+01   1.0000000e+00
   1.2742194e+02  -5.9310352e+01   1.0000000e+00
   1.2765696e+02  -5.9480057e+01   1.0000000e+00
   1.2766666e+02  -5.9491426e+01   1.0000000e+00
   1.2784609e+02  -5.9648911e+01   1.0000000e+00
   1.2800000e+02  -5.9760999e+01   1.0000000e+00
   1.2817278e+02  -5.9816921e+01   1.0000000e+00
   1.2833333e+02  -5.9853464e+01   1.0000000e+00
   1.2866667e+02  -5.9885511e+01   1.0000000e+00
   1.2900000e+02  -5.9901826e+01   1.0000000e+00
   1.2933333e+02  -5.9918576e+01   1.0000000e+00
   1.2966667e+02  -5.9958394e+01   1.0000000e+00
   1.2977183e+02  -5.9984089e+01   1.0000000e+00
   1.3000000e+02  -6.0049675e+01   1.0000000e+00
   1.3031716e+02  -6.0150417e+01   1.0000000e+00
   1.3033333e+02  -6.0154336e+01   1.0000000e+00
   1.3066667e+02  -6.0229299e+01   1.0000000e+00
   1.3099531e+02  -6.0315907e+01   1.0000000e+00
   1.3100000e+02  -6.0317209e+01   1.0000000e+00
   1.3133333e+02  -6.0449970e+01   1.0000000e+00
   1.3140344e+02  -6.0480560e+01   1.0000000e+00
   1.3166667e+02  -6.0544735e+01   1.0000000e+00
   1.3200000e+02  -6.0584517e+01   1.0000000e+00
   1.3233333e+02  -6.0581331e+01   1.0000000e+00
   1.3266667e+02  -6.0558239e+01   1.0000000e+00
   1.3300000e+02  -6.0540702e+01   1.0000000e+00
   1.3333333e+02  -6.0529627e+01   1.0000000e+00
   1.3366667e+02  -6.0513596e+01   1.0000000e+00
   1.3400000e+02  -6.0487926e+01   1.0000000e+00
   1.3408925e+02  -6.0480560e+01   1.0000000e+00
   1.3433333e+02  -6.0459474e+01   1.0000000e+00
   1.3466667e+02  -6.0428412e+01   1.0000000e+00
   1.3500000e+02  -6.0388452e+01   1.0000000e+00
   1.3533333e+02  -6.0342494e+01   1.0000000e+00
   1.3561576e+02  -6.0315907e+01   1.0000000e+00
   1.3566667e+02  -6.0311544e+01   1.0000000e+00
   1.3600000e+02  -6.0300429e+01   1.0000000e+00
   1.3633333e+02  -6.0297045e+01   1.0000000e+00
   1.3666667e+02  -6.0297933e+01   1.0000000e+00
   1.3700000e+02  -6.0314270e+01   1.0000000e+00
   1.3701580e+02  -6.0315907e+01   1.0000000e+00
   1.3733333e+02  -6.0355977e+01   1.0000000e+00
   1.3766667e+02  -6.0397180e+01   1.0000000e+00
   1.3800000e+02  -6.0430012e+01   1.0000000e+00
   1.3833333e+02  -6.0463119e+01   1.0000000e+00
   1.3846506e+02  -6.0480560e+01   1.0000000e+00
   1.3866667e+02  -6.0509996e+01   1.0000000e+00
   1.3900000e+02  -6.0564175e+01   1.0000000e+00
   1.3933333e+02  -6.0611102e+01   1.0000000e+00
   1.3957498e+02  -6.0644386e+01   1.0000000e+00
   1.3966667e+02  -6.0659667e+01   1.0000000e+00
   1.4000000e+02  -6.0720908e+01   1.0000000e+00
   1.4033333e+02  -6.0773174e+01   1.0000000e+00
   1.4066667e+02  -6.0802150e+01   1.0000000e+00
   1.4100000e+02  -6.0806861e+01   1.0000000e+00
   1.4133333e+02  -6.0786676e+01   1.0000000e+00
   1.4166667e+02  -6.0749960e+01   1.0000000e+00
   1.4200000e+02  -6.0701096e+01   1.0000000e+00
   1.4230356e+02  -6.0644386e+01   1.0000000e+00
   1.4233333e+02  -6.0639039e+01   1.0000000e+00
   1.4266667e+02  -6.0566019e+01   1.0000000e+00
   1.4292115e+02  -6.0480560e+01   1.0000000e+00
   1.4300000e+02  -6.0449136e+01   1.0000000e+00
   1.4325268e+02  -6.0315907e+01   1.0000000e+00
   1.4333333e+02  -6.0283925e+01   1.0000000e+00
   1.4366667e+02  -6.0175191e+01   1.0000000e+00
   1.4378317e+02  -6.0150417e+01   1.0000000e+00
   1.4400000e+02  -6.0115004e+01   1.0000000e+00
   1.4433333e+02  -6.0047365e+01   1.0000000e+00
   1.4453467e+02  -5.9984089e+01   1.0000000e+00
   1.4466667e+02  -5.9930790e+01   1.0000000e+00
   1.4489550e+02  -5.9816921e+01   1.0000000e+00
   1.4500000e+02  -5.9753233e+01   1.0000000e+00
   1.4518653e+02  -5.9648911e+01   1.0000000e+00
   1.4533333e+02  -5.9544723e+01   1.0000000e+00
   1.4541989e+02  -5.9480057e+01   1.0000000e+00
   1.4556952e+02  -5.9310352e+01   1.0000000e+00
   1.4562362e+02  -5.9139797e+01   1.0000000e+00
   1.4564520e+02  -5.8968388e+01   1.0000000e+00
   1.4566667e+02  -5.8926783e+01   1.0000000e+00
   1.4574018e+02  -5.8796120e+01   1.0000000e+00
   1.4594171e+02  -5.8622997e+01   1.0000000e+00
   1.4600000e+02  -5.8583860e+01   1.0000000e+00
   1.4618408e+02  -5.8449009e+01   1.0000000e+00
   1.4633333e+02  -5.8345820e+01   1.0000000e+00
   1.4643002e+02  -5.8274158e+01   1.0000000e+00
   1.4666667e+02  -5.8100863e+01   1.0000000e+00
   1.4667024e+02  -5.8098438e+01   1.0000000e+00
   1.4700000e+02  -5.7926634e+01   1.0000000e+00
   1.4701214e+02  -5.7921848e+01   1.0000000e+00
   1.4733333e+02  -5.7821669e+01   1.0000000e+00
   1.4766667e+02  -5.7751340e+01   1.0000000e+00
   1.4771981e+02  -5.7744385e+01   1.0000000e+00
   1.4800000e+02  -5.7710314e+01   1.0000000e+00
   1.4833333e+02  -5.7709953e+01   1.0000000e+00
   1.4866667e+02  -5.7740842e+01   1.0000000e+00
   1.4868815e+02  -5.7744385e+01   1.0000000e+00
   1.4900000e+02  -5.7791322e+01   1.0000000e+00
   1.4933333e+02  -5.7848515e+01   1.0000000e+00
   1.4966667e+02  -5.7889207e+01   1.0000000e+00
   1.5000000e+02  -5.7911618e+01   1.0000000e+00
   1.5014926e+02  -5.7921848e+01   1.0000000e+00
   1.5033333e+02  -5.7935445e+01   1.0000000e+00
   1.5066667e+02  -5.7974798e+01   1.0000000e+00
   1.5100000e+02  -5.8033514e+01   1.0000000e+00
   1.5133333e+02  -5.8096768e+01   1.0000000e+00
   1.5134426e+02  -5.8098438e+01   1.0000000e+00
   1.5166667e+02  -5.8157150e+01   1.0000000e+00
   1.5200000e+02  -5.8211568e+01   1.0000000e+00
   1.5232602e+02  -5.8274158e+01   1.0000000e+00
   1.5233333e+02  -5.8275820e+01   1.0000000e+00
   1.5266667e+02  -5.8349772e+01   1.0000000e+00
   1.5300000e+02  -5.8414843e+01   1.0000000e+00
   1.5316960e+02  -5.8449009e+01   1.0000000e+00
   1.5333333e+02  -5.8486691e+01   1.0000000e+00
   1.5366667e+02  -5.8600313e+01   1.0000000e+00
   1.5371809e+02  -5.8622997e+01   1.0000000e+00
   1.5400000e+02  -5.8743607e+01   1.0000000e+00
   1.5412415e+02  -5.8796120e+01   1.0000000e+00
   1.5433333e+02  -5.8867395e+01   1.0000000e+00
   1.5466667e+02  -5.8945770e+01   1.0000000e+00
   1.5500000e+02  -5.8967232e+01   1.0000000e+00
   1.5533333e+02  -5.8949332e+01   1.0000000e+00
   1.5566667e+02  -5.8931201e+01   1.0000000e+00
   1.5600000e+02  -5.8926925e+01   1.0000000e+00
   1.5633333e+02  -5.8937939e+01   1.0000000e+00
   1.5664803e+02  -5.8968388e+01   1.0000000e+00
   1.5666667e+02  -5.8970523e+01   1.0000000e+00
   1.5700000e+02  -5.9021039e+01   1.0000000e+00
   1.5733333e+02  -5.9078271e+01   1.0000000e+00
   1.5760713e+02  -5.9139797e+01   1.0000000e+00
   1.5766667e+02  -5.9152667e+01   1.0000000e+00
   1.5800000e+02  -5.9237008e+01   1.0000000e+00
   1.5833333e+02  -5.9309887e+01   1.0000000e+00
   1.5833558e+02  -5.9310352e+01   1.0000000e+00
   1.5866667e+02  -5.9372051e+01   1.0000000e+00
   1.5900000e+02  -5.9435074e+01   1.0000000e+00
   1.5926282e+02  -5.9480057e+01   1.0000000e+00
   1.5933333e+02  -5.9492413e+01   1.0000000e+00
   1.5966667e+02  -5.9534615e+01   1.0000000e+00
   1.6000000e+02  -5.9569708e+01   1.0000000e+00
   1.6033333e+02  -5.9620257e+01   1.0000000e+00
   1.6049346e+02  -5.9648911e+01   1.0000000e+00
   1.6066667e+02  -5.9687922e+01   1.0000000e+00
   1.6100000e+02  -5.9786826e+01   1.0000000e+00
   1.6106681e+02  -5.9816921e+01   1.0000000e+00
   1.6133333e+02  -5.9946286e+01   1.0000000e+00
   1.6139916e+02  -5.9984089e+01   1.0000000e+00
   1.6166667e+02  -6.0101861e+01   1.0000000e+00
   1.6178157e+02  -6.0150417e+01   1.0000000e+00
   1.6200000e+02  -6.0225114e+01   1.0000000e+00
   1.6225498e+02  -6.0315907e+01   1.0000000e+00
   1.6233333e+02  -6.0339724e+01   1.0000000e+00
   1.6266667e+02  -6.0439670e+01   1.0000000e+00
   1.6281288e+02  -6.0480560e+01   1.0000000e+00
   1.6300000e+02  -6.0526732e+01   1.0000000e+00
   1.6333333e+02  -6.0608276e+01   1.0000000e+00
   1.6347947e+02  -6.0644386e+01   1.0000000e+00
   1.6366667e+02  -6.0686573e+01   1.0000000e+00
   1.6400000e+02  -6.0760945e+01   1.0000000e+00
   1.6422752e+02  -6.0807381e+01   1.0000000e+00
   1.6433333e+02  -6.0830206e+01   1.0000000e+00
   1.6466667e+02  -6.0889771e+01   1.0000000e+00
   1.6500000e+02  -6.0943693e+01   1.0000000e+00
   1.6514624e+02  -6.0969551e+01   1.0000000e+00
   1.6533333e+02  -6.1009441e+01   1.0000000e+00
   1.6566667e+02  -6.1091236e+01   1.0000000e+00
   1.6582274e+02  -6.1130898e+01   1.0000000e+00
   1.6600000e+02  -6.1179245e+01   1.0000000e+00
   1.6633333e+02  -6.1267732e+01   1.0000000e+00
   1.6642938e+02  -6.1291428e+01   1.0000000e+00
   1.6666667e+02  -6.1346238e+01   1.0000000e+00
   1.6700000e+02  -6.1416364e+01   1.0000000e+00
   1.6717948e+02  -6.1451138e+01   1.0000000e+00
   1.6733333e+02  -6.1483958e+01   1.0000000e+00
   1.6766667e+02  -6.1559315e+01   1.0000000e+00
   1.6788054e+02  -6.1610031e+01   1.0000000e+00
   1.6800000e+02  -6.1640032e+01   1.0000000e+00
   1.6833333e+02  -6.1714760e+01   1.0000000e+00
   1.6860660e+02  -6.1768116e+01   1.0000000e+00
   1.6866667e+02  -6.1779266e+01   1.0000000e+00
   1.6900000e+02  -6.1842642e+01   1.0000000e+00
   1.6933333e+02  -6.1899944e+01   1.0000000e+00
   1.6950199e+02  -6.1925392e+01   1.0000000e+00
   1.6966667e+02  -6.1953356e+01   1.0000000e+00
   1.7000000e+02  -6.2011550e+01   1.0000000e+00
   1.7033333e+02  -6.2080781e+01   1.0000000e+00
   1.7033733e+02  -6.2081867e+01   1.0000000e+00
   1.7066667e+02  -6.2190254e+01   1.0000000e+00
   1.7078765e+02  -6.2237534e+01   1.0000000e+00
   1.7100000e+02  -6.2321960e+01   1.0000000e+00
   1.7118015e+02  -6.2392406e+01   1.0000000e+00
   1.7133333e+02  -6.2447717e+01   1.0000000e+00
   1.7162175e+02  -6.2546478e+01   1.0000000e+00
   1.7166667e+02  -6.2561293e+01   1.0000000e+00
   1.7200000e+02  -6.2664172e+01   1.0000000e+00
   1.7211341e+02  -6.2699757e+01   1.0000000e+00
   1.7233333e+02  -6.2771976e+01   1.0000000e+00
   1.7256929e+02  -6.2852249e+01   1.0000000e+00
   1.7266667e+02  -6.2884007e+01   1.0000000e+00
   1.7300000e+02  -6.2987920e+01   1.0000000e+00
   1.7305100e+02  -6.3003952e+01   1.0000000e+00
   1.7333333e+02  -6.3102168e+01   1.0000000e+00
   1.7348038e+02  -6.3154869e+01   1.0000000e+00
   1.7366667e+02  -6.3215737e+01   1.0000000e+00
   1.7392374e+02  -6.3305004e+01   1.0000000e+00
   1.7400000e+02  -6.3328275e+01   1.0000000e+00
   1.7433333e+02  -6.3437627e+01   1.0000000e+00
   1.7438234e+02  -6.3454365e+01   1.0000000e+00
   1.7466667e+02  -6.3545056e+01   1.0000000e+00
   1.7486529e+02  -6.3602947e+01   1.0000000e+00
   1.7500000e+02  -6.3639786e+01   1.0000000e+00
   1.7533333e+02  -6.3723698e+01   1.0000000e+00
   1.7544159e+02  -6.3750755e+01   1.0000000e+00
   1.7566667e+02  -6.3802336e+01   1.0000000e+00
   1.7600000e+02  -6.3879192e+01   1.0000000e+00
   1.7608654e+02  -6.3897800e+01   1.0000000e+00
   1.7633333e+02  -6.3948325e+01   1.0000000e+00
   1.7666667e+02  -6.4012676e+01   1.0000000e+00
   1.7683750e+02  -6.4044075e+01   1.0000000e+00
   1.7700000e+02  -6.4074897e+01   1.0000000e+00
   1.7733333e+02  -6.4124843e+01   1.0000000e+00
   1.7766667e+02  -6.4169062e+01   1.0000000e+00
   1.7782586e+02  -6.4189583e+01   1.0000000e+00
   1.7800000e+02  -6.4211010e+01   1.0000000e+00
   1.7833333e+02  -6.4240266e+01   1.0000000e+00
   1.7866667e+02  -6.4257879e+01   1.0000000e+00
   1.7900000e+02  -6.4261319e+01   1.0000000e+00
   1.7933333e+02  -6.4246475e+01   1.0000000e+00
   1.7966667e+02  -6.4230141e+01   1.0000000e+00
   1.8000000e+02  -6.4218388e+01   1.0000000e+00
   1.8033333e+02  -6.4206641e+01   1.0000000e+00
   1.8066667e+02  -6.4195622e+01   1.0000000e+00
   1.8100000e+02  -6.4191821e+01   1.0000000e+00
   1.8105535e+02  -6.4189583e+01   1.0000000e+00
   1.8133333e+02  -6.4174820e+01   1.0000000e+00
   1.8166667e+02  -6.4142392e+01   1.0000000e+00
   1.8200000e+02  -6.4108378e+01   1.0000000e+00
   1.8233333e+02  -6.4078102e+01   1.0000000e+00
   1.8266667e+02  -6.4054436e+01   1.0000000e+00
   1.8275718e+02  -6.4044075e+01   1.0000000e+00
   1.8300000e+02  -6.4016571e+01   1.0000000e+00
   1.8333333e+02  -6.3940400e+01   1.0000000e+00
   1.8347350e+02  -6.3897800e+01   1.0000000e+00
   1.8366667e+02  -6.3838623e+01   1.0000000e+00
   1.8391932e+02  -6.3750755e+01   1.0000000e+00
   1.8400000e+02  -6.3724902e+01   1.0000000e+00
   1.8433333e+02  -6.3635795e+01   1.0000000e+00
   1.8452125e+02  -6.3602947e+01   1.0000000e+00
   1.8466667e+02  -6.3580999e+01   1.0000000e+00
   1.8500000e+02  -6.3544683e+01   1.0000000e+00
   1.8533333e+02  -6.3511967e+01   1.0000000e+00
   1.8566667e+02  -6.3475704e+01   1.0000000e+00
   1.8583795e+02  -6.3454365e+01   1.0000000e+00
   1.8600000e+02  -6.3434202e+01   1.0000000e+00
   1.8633333e+02  -6.3391258e+01   1.0000000e+00
   1.8666667e+02  -6.3348354e+01   1.0000000e+00
   1.8700000e+02  -6.3305087e+01   1.0000000e+00
   1.8700060e+02  -6.3305004e+01   1.0000000e+00
   1.8733333e+02  -6.3255104e+01   1.0000000e+00
   1.8766667e+02  -6.3199602e+01   1.0000000e+00
   1.8793814e+02  -6.3154869e+01   1.0000000e+00
   1.8800000e+02  -6.3143681e+01   1.0000000e+00
   1.8833333e+02  -6.3093360e+01   1.0000000e+00
   1.8866667e+02  -6.3053539e+01   1.0000000e+00
   1.8900000e+02  -6.3022121e+01   1.0000000e+00
   1.8924120e+02  -6.3003952e+01   1.0000000e+00
   1.8933333e+02  -6.2996713e+01   1.0000000e+00
   1.8966667e+02  -6.2969262e+01   1.0000000e+00
   1.9000000e+02  -6.2942376e+01   1.0000000e+00
   1.9033333e+02  -6.2918187e+01   1.0000000e+00
   1.9066667e+02  -6.2894692e+01   1.0000000e+00
   1.9100000e+02  -6.2870218e+01   1.0000000e+00
   1.9126916e+02  -6.2852249e+01   1.0000000e+00
   1.9133333e+02  -6.2847832e+01   1.0000000e+00
   1.9166667e+02  -6.2820963e+01   1.0000000e+00
   1.9200000e+02  -6.2788873e+01   1.0000000e+00
   1.9233333e+02  -6.2749510e+01   1.0000000e+00
   1.9266667e+02  -6.2709206e+01   1.0000000e+00
   1.9276131e+02  -6.2699757e+01   1.0000000e+00
   1.9300000e+02  -6.2676457e+01   1.0000000e+00
   1.9333333e+02  -6.2645819e+01   1.0000000e+00
   1.9366667e+02  -6.2621268e+01   1.0000000e+00
   1.9400000e+02  -6.2599398e+01   1.0000000e+00
   1.9433333e+02  -6.2574656e+01   1.0000000e+00
   1.9460938e+02  -6.2546478e+01   1.0000000e+00
   1.9466667e+02  -6.2540642e+01   1.0000000e+00
   1.9500000e+02  -6.2498997e+01   1.0000000e+00
   1.9533333e+02  -6.2456311e+01   1.0000000e+00
   1.9566667e+02  -6.2419327e+01   1.0000000e+00
   1.9591275e+02  -6.2392406e+01   1.0000000e+00
   1.9600000e+02  -6.2382447e+01   1.0000000e+00
   1.9633333e+02  -6.2337592e+01   1.0000000e+00
   1.9666667e+02  -6.2283165e+01   1.0000000e+00
   1.9690026e+02  -6.2237534e+01   1.0000000e+00
   1.9700000e+02  -6.2216695e+01   1.0000000e+00
   1.9733333e+02  -6.2145691e+01   1.0000000e+00
   1.9764499e+02  -6.2081867e+01   1.0000000e+00
   1.9766667e+02  -6.2077569e+01   1.0000000e+00
   1.9800000e+02  -6.2017311e+01   1.0000000e+00
   1.9833333e+02  -6.1969105e+01   1.0000000e+00
   1.9862979e+02  -6.1925392e+01   1.0000000e+00
   1.9866667e+02  -6.1919521e+01   1.0000000e+00
   1.9900000e+02  -6.1853308e+01   1.0000000e+00
   1.9933333e+02  -6.1776603e+01   1.0000000e+00
   1.9936778e+02  -6.1768116e+01   1.0000000e+00
   1.9966667e+02  -6.1690425e+01   1.0000000e+00
   1.9993923e+02  -6.1610031e+01   1.0000000e+00
   2.0000000e+02  -6.1591849e+01   1.0000000e+00
   2.0033333e+02  -6.1469779e+01   1.0000000e+00
   2.0037875e+02  -6.1451138e+01   1.0000000e+00
   2.0066667e+02  -6.1346683e+01   1.0000000e+00
   2.0081498e+02  -6.1291428e+01   1.0000000e+00
   2.0100000e+02  -6.1222411e+01   1.0000000e+00
   2.0124753e+02  -6.1130898e+01   1.0000000e+00
   2.0133333e+02  -6.1097810e+01   1.0000000e+00
   2.0166667e+02  -6.0976078e+01   1.0000000e+00
   2.0168579e+02  -6.0969551e+01   1.0000000e+00
   2.0200000e+02  -6.0872027e+01   1.0000000e+00
   2.0221450e+02  -6.0807381e+01   1.0000000e+00
   2.0233333e+02  -6.0772672e+01   1.0000000e+00
   2.0266667e+02  -6.0671730e+01   1.0000000e+00
   2.0274833e+02  -6.0644386e+01   1.0000000e+00
   2.0300000e+02  -6.0558227e+01   1.0000000e+00
   2.0320281e+02  -6.0480560e+01   1.0000000e+00
   2.0333333e+02  -6.0436098e+01   1.0000000e+00
   2.0366667e+02  -6.0320385e+01   1.0000000e+00
   2.0367927e+02  -6.0315907e+01   1.0000000e+00
   2.0400000e+02  -6.0199553e+01   1.0000000e+00
   2.0412437e+02  -6.0150417e+01   1.0000000e+00
   2.0433333e+02  -6.0064929e+01   1.0000000e+00
   2.0452525e+02  -5.9984089e+01   1.0000000e+00
   2.0466667e+02  -5.9929713e+01   1.0000000e+00
   2.0497015e+02  -5.9816921e+01   1.0000000e+00
   2.0500000e+02  -5.9805531e+01   1.0000000e+00
   2.0533333e+02  -5.9683536e+01   1.0000000e+00
   2.0544277e+02  -5.9648911e+01   1.0000000e+00
   2.0566667e+02  -5.9579585e+01   1.0000000e+00
   2.0600000e+02  -5.9486817e+01   1.0000000e+00
   2.0602002e+02  -5.9480057e+01   1.0000000e+00
   2.0633333e+02  -5.9372612e+01   1.0000000e+00
   2.0646583e+02  -5.9310352e+01   1.0000000e+00
   2.0666667e+02  -5.9200709e+01   1.0000000e+00
   2.0676498e+02  -5.9139797e+01   1.0000000e+00
   2.0700000e+02  -5.8991445e+01   1.0000000e+00
   2.0703978e+02  -5.8968388e+01   1.0000000e+00
   2.0733333e+02  -5.8823178e+01   1.0000000e+00
   2.0739445e+02  -5.8796120e+01   1.0000000e+00
   2.0766667e+02  -5.8677324e+01   1.0000000e+00
   2.0779168e+02  -5.8622997e+01   1.0000000e+00
   2.0800000e+02  -5.8528264e+01   1.0000000e+00
   2.0816371e+02  -5.8449009e+01   1.0000000e+00
   2.0833333e+02  -5.8367195e+01   1.0000000e+00
   2.0851825e+02  -5.8274158e+01   1.0000000e+00
   2.0866667e+02  -5.8199672e+01   1.0000000e+00
   2.0887545e+02  -5.8098438e+01   1.0000000e+00
   2.0900000e+02  -5.8045297e+01   1.0000000e+00
   2.0930612e+02  -5.7921848e+01   1.0000000e+00
   2.0933333e+02  -5.7911934e+01   1.0000000e+00
   2.0966667e+02  -5.7800598e+01   1.0000000e+00
   2.0982708e+02  -5.7744385e+01   1.0000000e+00
   2.1000000e+02  -5.7687956e+01   1.0000000e+00
   2.1033333e+02  -5.7574796e+01   1.0000000e+00
   2.1035938e+02  -5.7566048e+01   1.0000000e+00
   2.1066667e+02  -5.7486950e+01   1.0000000e+00
   2.1100000e+02  -5.7421743e+01   1.0000000e+00
   2.1127455e+02  -5.7386833e+01   1.0000000e+00
   2.1133333e+02  -5.7380039e+01   1.0000000e+00
   2.1166667e+02  -5.7352958e+01   1.0000000e+00
   2.1200000e+02  -5.7339026e+01   1.0000000e+00
   2.1233333e+02  -5.7344297e+01   1.0000000e+00
   2.1266667e+02  -5.7355835e+01   1.0000000e+00
   2.1300000e+02  -5.7365035e+01   1.0000000e+00
   2.1333333e+02  -5.7377117e+01   1.0000000e+00
   2.1366667e+02  -5.7385081e+01   1.0000000e+00
   2.1379045e+02  -5.7386833e+01   1.0000000e+00
   2.1400000e+02  -5.7390060e+01   1.0000000e+00
   2.1433333e+02  -5.7401691e+01   1.0000000e+00
   2.1466667e+02  -5.7417595e+01   1.0000000e+00
   2.1500000e+02  -5.7439356e+01   1.0000000e+00
   2.1533333e+02  -5.7468793e+01   1.0000000e+00
   2.1566667e+02  -5.7505328e+01   1.0000000e+00
   2.1600000e+02  -5.7555657e+01   1.0000000e+00
   2.1605012e+02  -5.7566048e+01   1.0000000e+00
   2.1633333e+02  -5.7649040e+01   1.0000000e+00
   2.1661151e+02  -5.7744385e+01   1.0000000e+00
   2.1666667e+02  -5.7764687e+01   1.0000000e+00
   2.1700000e+02  -5.7871857e+01   1.0000000e+00
   2.1719343e+02  -5.7921848e+01   1.0000000e+00
   2.1733333e+02  -5.7956682e+01   1.0000000e+00
   2.1766667e+02  -5.8030035e+01   1.0000000e+00
   2.1800000e+02  -5.8093407e+01   1.0000000e+00
   2.1803618e+02  -5.8098438e+01   1.0000000e+00
   2.1833333e+02  -5.8142997e+01   1.0000000e+00
   2.1866667e+02  -5.8197103e+01   1.0000000e+00
   2.1900000e+02  -5.8271768e+01   1.0000000e+00
   2.1901071e+02  -5.8274158e+01   1.0000000e+00
   2.1933333e+02  -5.8338535e+01   1.0000000e+00
   2.1966667e+02  -5.8398473e+01   1.0000000e+00
   2.1990323e+02  -5.8449009e+01   1.0000000e+00
   2.2000000e+02  -5.8469501e+01   1.0000000e+00
   2.2033333e+02  -5.8561915e+01   1.0000000e+00
   2.2054046e+02  -5.8622997e+01   1.0000000e+00
   2.2066667e+02  -5.8659869e+01   1.0000000e+00
   2.2100000e+02  -5.8735515e+01   1.0000000e+00
   2.2133333e+02  -5.8791794e+01   1.0000000e+00
   2.2136059e+02  -5.8796120e+01   1.0000000e+00
   2.2166667e+02  -5.8843320e+01   1.0000000e+00
   2.2200000e+02  -5.8908624e+01   1.0000000e+00
   2.2220547e+02  -5.8968388e+01   1.0000000e+00
   2.2233333e+02  -5.9008561e+01   1.0000000e+00
   2.2266667e+02  -5.9138818e+01   1.0000000e+00
   2.2266924e+02  -5.9139797e+01   1.0000000e+00
   2.2300000e+02  -5.9273360e+01   1.0000000e+00
   2.2309012e+02  -5.9310352e+01   1.0000000e+00
   2.2333333e+02  -5.9402907e+01   1.0000000e+00
   2.2353050e+02  -5.9480057e+01   1.0000000e+00
   2.2366667e+02  -5.9528548e+01   1.0000000e+00
   2.2400000e+02  -5.9637059e+01   1.0000000e+00
   2.2403980e+02  -5.9648911e+01   1.0000000e+00
   2.2433333e+02  -5.9746225e+01   1.0000000e+00
   2.2451934e+02  -5.9816921e+01   1.0000000e+00
   2.2466667e+02  -5.9894345e+01   1.0000000e+00
   2.2480418e+02  -5.9984089e+01   1.0000000e+00
   2.2498068e+02  -6.0150417e+01   1.0000000e+00
   2.2500000e+02  -6.0168334e+01   1.0000000e+00
   2.2514645e+02  -6.0315907e+01   1.0000000e+00
   2.2533333e+02  -6.0471617e+01   1.0000000e+00
   2.2534436e+02  -6.0480560e+01   1.0000000e+00
   2.2554225e+02  -6.0644386e+01   1.0000000e+00
   2.2566667e+02  -6.0737787e+01   1.0000000e+00
   2.2575590e+02  -6.0807381e+01   1.0000000e+00
   2.2598164e+02  -6.0969551e+01   1.0000000e+00
   2.2600000e+02  -6.0983960e+01   1.0000000e+00
   2.2619511e+02  -6.1130898e+01   1.0000000e+00
   2.2633333e+02  -6.1234437e+01   1.0000000e+00
   2.2641681e+02  -6.1291428e+01   1.0000000e+00
   2.2664600e+02  -6.1451138e+01   1.0000000e+00
   2.2666667e+02  -6.1471968e+01   1.0000000e+00
   2.2681653e+02  -6.1610031e+01   1.0000000e+00
   2.2694172e+02  -6.1768116e+01   1.0000000e+00
   2.2700000e+02  -6.1859427e+01   1.0000000e+00
   2.2705282e+02  -6.1925392e+01   1.0000000e+00
   2.2712924e+02  -6.2081867e+01   1.0000000e+00
   2.2716858e+02  -6.2237534e+01   1.0000000e+00
   2.2723564e+02  -6.2392406e+01   1.0000000e+00
   2.2728561e+02  -6.2546478e+01   1.0000000e+00
   2.2729212e+02  -6.2699757e+01   1.0000000e+00
   2.2729260e+02  -6.2852249e+01   1.0000000e+00
   2.2733333e+02  -6.2976355e+01   1.0000000e+00
   2.2734294e+02  -6.3003952e+01   1.0000000e+00
   2.2742516e+02  -6.3154869e+01   1.0000000e+00
   2.2754848e+02  -6.3305004e+01   1.0000000e+00
   2.2765285e+02  -6.3454365e+01   1.0000000e+00
   2.2766667e+02  -6.3474404e+01   1.0000000e+00
   2.2777651e+02  -6.3602947e+01   1.0000000e+00
   2.2785666e+02  -6.3750755e+01   1.0000000e+00
   2.2792419e+02  -6.3897800e+01   1.0000000e+00
   2.2797454e+02  -6.4044075e+01   1.0000000e+00
   2.2800000e+02  -6.4074669e+01   1.0000000e+00
   2.2811301e+02  -6.4189583e+01   1.0000000e+00
   2.2826188e+02  -6.4334335e+01   1.0000000e+00
   2.2833333e+02  -6.4411311e+01   1.0000000e+00
   2.2841087e+02  -6.4478333e+01   1.0000000e+00
   2.2858124e+02  -6.4621574e+01   1.0000000e+00
   2.2866667e+02  -6.4680644e+01   1.0000000e+00
   2.2877378e+02  -6.4764061e+01   1.0000000e+00
   2.2895385e+02  -6.4905807e+01   1.0000000e+00
   2.2900000e+02  -6.4936786e+01   1.0000000e+00
   2.2919397e+02  -6.5046806e+01   1.0000000e+00
   2.2933333e+02  -6.5100417e+01   1.0000000e+00
   2.2966667e+02  -6.5186081e+01   1.0000000e+00
   2.2967188e+02  -6.5187057e+01   1.0000000e+00
   2.3000000e+02  -6.5238824e+01   1.0000000e+00
   2.3033333e+02  -6.5273226e+01   1.0000000e+00
   2.3066667e+02  -6.5305757e+01   1.0000000e+00
   2.3082815e+02  -6.5326576e+01   1.0000000e+00
   2.3100000e+02  -6.5348847e+01   1.0000000e+00
   2.3133333e+02  -6.5394227e+01   1.0000000e+00
   2.3166667e+02  -6.5414887e+01   1.0000000e+00
   2.3200000e+02  -6.5409520e+01   1.0000000e+00
   2.3233333e+02  -6.5418317e+01   1.0000000e+00
   2.3266667e+02  -6.5442045e+01   1.0000000e+00
   2.3285623e+02  -6.5465355e+01   1.0000000e+00
   2.3300000e+02  -6.5483103e+01   1.0000000e+00
   2.3333333e+02  -6.5526810e+01   1.0000000e+00
   2.3366667e+02  -6.5556159e+01   1.0000000e+00
   2.3400000e+02  -6.5569538e+01   1.0000000e+00
   2.3433333e+02  -6.5589912e+01   1.0000000e+00
   2.3446609e+02  -6.5603409e+01   1.0000000e+00
   2.3466667e+02  -6.5626090e+01   1.0000000e+00
   2.3500000e+02  -6.5670531e+01   1.0000000e+00
   2.3533333e+02  -6.5719108e+01   1.0000000e+00
   2.3544625e+02  -6.5740723e+01   1.0000000e+00
   2.3566667e+02  -6.5778975e+01   1.0000000e+00
   2.3600000e+02  -6.5842614e+01   1.0000000e+00
   2.3619599e+02  -6.5877319e+01   1.0000000e+00
   2.3633333e+02  -6.5900976e+01   1.0000000e+00
   2.3666667e+02  -6.5953700e+01   1.0000000e+00
   2.3698665e+02  -6.6013184e+01   1.0000000e+00
   2.3700000e+02  -6.6015355e+01   1.0000000e+00
   2.3733333e+02  -6.6076804e+01   1.0000000e+00
   2.3766667e+02  -6.6129329e+01   1.0000000e+00
   2.3782010e+02  -6.6148338e+01   1.0000000e+00
   2.3800000e+02  -6.6168412e+01   1.0000000e+00
   2.3833333e+02  -6.6216310e+01   1.0000000e+00
   2.3866667e+02  -6.6267786e+01   1.0000000e+00
   2.3877461e+02  -6.6282768e+01   1.0000000e+00
   2.3900000e+02  -6.6308565e+01   1.0000000e+00
   2.3933333e+02  -6.6331055e+01   1.0000000e+00
   2.3966667e+02  -6.6364908e+01   1.0000000e+00
   2.4000000e+02  -6.6395903e+01   1.0000000e+00
   2.4029290e+02  -6.6416489e+01   1.0000000e+00
   2.4033333e+02  -6.6419261e+01   1.0000000e+00
   2.4066667e+02  -6.6433354e+01   1.0000000e+00
   2.4100000e+02  -6.6447443e+01   1.0000000e+00
   2.4133333e+02  -6.6459922e+01   1.0000000e+00
   2.4166667e+02  -6.6478885e+01   1.0000000e+00
   2.4200000e+02  -6.6506044e+01   1.0000000e+00
   2.4233333e+02  -6.6535025e+01   1.0000000e+00
   2.4249272e+02  -6.6549492e+01   1.0000000e+00
   2.4266667e+02  -6.6565662e+01   1.0000000e+00
   2.4300000e+02  -6.6595486e+01   1.0000000e+00
   2.4333333e+02  -6.6613228e+01   1.0000000e+00
   2.4366667e+02  -6.6635705e+01   1.0000000e+00
   2.4400000e+02  -6.6653904e+01   1.0000000e+00
   2.4433333e+02  -6.6663783e+01   1.0000000e+00
   2.4466667e+02  -6.6668423e+01   1.0000000e+00
   2.4500000e+02  -6.6673125e+01   1.0000000e+00
   2.4533333e+02  -6.6669827e+01   1.0000000e+00
   2.4566667e+02  -6.6660845e+01   1.0000000e+00
   2.4600000e+02  -6.6646575e+01   1.0000000e+00
   2.4633333e+02  -6.6634309e+01   1.0000000e+00
   2.4666667e+02  -6.6624722e+01   1.0000000e+00
   2.4700000e+02  -6.6624716e+01   1.0000000e+00
   2.4733333e+02  -6.6637061e+01   1.0000000e+00
   2.4766667e+02  -6.6648631e+01   1.0000000e+00
   2.4800000e+02  -6.6663731e+01   1.0000000e+00
   2.4824874e+02  -6.6681793e+01   1.0000000e+00
   2.4833333e+02  -6.6688796e+01   1.0000000e+00
   2.4866667e+02  -6.6717887e+01   1.0000000e+00
   2.4900000e+02  -6.6745232e+01   1.0000000e+00
   2.4933333e+02  -6.6769231e+01   1.0000000e+00
   2.4966667e+02  -6.6788911e+01   1.0000000e+00
   2.5000000e+02  -6.6807452e+01   1.0000000e+00
   2.5008020e+02  -6.6813385e+01   1.0000000e+00
   2.5033333e+02  -6.6831322e+01   1.0000000e+00
   2.5066667e+02  -6.6864673e+01   1.0000000e+00
   2.5100000e+02  -6.6906490e+01   1.0000000e+00
   2.5126313e+02  -6.6944275e+01   1.0000000e+00
   2.5133333e+02  -6.6953790e+01   1.0000000e+00
   2.5166667e+02  -6.7005671e+01   1.0000000e+00
   2.5200000e+02  -6.7057112e+01   1.0000000e+00
   2.5210688e+02  -6.7074471e+01   1.0000000e+00
   2.5233333e+02  -6.7114398e+01   1.0000000e+00
   2.5266667e+02  -6.7173091e+01   1.0000000e+00
   2.5286817e+02  -6.7203972e+01   1.0000000e+00
   2.5300000e+02  -6.7225203e+01   1.0000000e+00
   2.5333333e+02  -6.7274299e+01   1.0000000e+00
   2.5366667e+02  -6.7330744e+01   1.0000000e+00
   2.5367626e+02  -6.7332771e+01   1.0000000e+00
   2.5400000e+02  -6.7412275e+01   1.0000000e+00
   2.5417983e+02  -6.7460892e+01   1.0000000e+00
   2.5433333e+02  -6.7495072e+01   1.0000000e+00
   2.5466667e+02  -6.7567560e+01   1.0000000e+00
   2.5477255e+02  -6.7588318e+01   1.0000000e+00
   2.5500000e+02  -6.7630991e+01   1.0000000e+00
   2.5533333e+02  -6.7684551e+01   1.0000000e+00
   2.5550805e+02  -6.7715065e+01   1.0000000e+00
   2.5566667e+02  -6.7740365e+01   1.0000000e+00
   2.5600000e+02  -6.7779998e+01   1.0000000e+00
   2.5633334e+02  -6.7804112e+01   1.0000000e+00
   2.5666666e+02  -6.7808464e+01   1.0000000e+00
   2.5700000e+02  -6.7806618e+01   1.0000000e+00
   2.5733334e+02  -6.7804366e+01   1.0000000e+00
   2.5766666e+02  -6.7810074e+01   1.0000000e+00
   2.5800000e+02  -6.7822864e+01   1.0000000e+00
   2.5833334e+02  -6.7838479e+01   1.0000000e+00
   2.5838788e+02  -6.7841125e+01   1.0000000e+00
   2.5866666e+02  -6.7856673e+01   1.0000000e+00
   2.5900000e+02  -6.7877714e+01   1.0000000e+00
   2.5933334e+02  -6.7892395e+01   1.0000000e+00
   2.5966666e+02  -6.7903790e+01   1.0000000e+00
   2.6000000e+02  -6.7907844e+01   1.0000000e+00
   2.6033334e+02  -6.7907975e+01   1.0000000e+00
   2.6066666e+02  -6.7902853e+01   1.0000000e+00
   2.6100000e+02  -6.7904718e+01   1.0000000e+00
   2.6133334e+02  -6.7903993e+01   1.0000000e+00
   2.6166666e+02  -6.7900104e+01   1.0000000e+00
   2.6200000e+02  -6.7879030e+01   1.0000000e+00
   2.6233334e+02  -6.7882951e+01   1.0000000e+00
   2.6266666e+02  -6.7898830e+01   1.0000000e+00
   2.6300000e+02  -6.7915826e+01   1.0000000e+00
   2.6333334e+02  -6.7899869e+01   1.0000000e+00
   2.6366666e+02  -6.7901443e+01   1.0000000e+00
   2.6400000e+02  -6.7886954e+01   1.0000000e+00
   2.6433334e+02  -6.7851069e+01   1.0000000e+00
   2.6440651e+02  -6.7841125e+01   1.0000000e+00
   2.6466666e+02  -6.7816594e+01   1.0000000e+00
   2.6500000e+02  -6.7792576e+01   1.0000000e+00
   2.6533334e+02  -6.7775558e+01   1.0000000e+00
   2.6566666e+02  -6.7760693e+01   1.0000000e+00
   2.6600000e+02  -6.7743617e+01   1.0000000e+00
   2.6633334e+02  -6.7734785e+01   1.0000000e+00
   2.6666666e+02  -6.7725749e+01   1.0000000e+00
   2.6700000e+02  -6.7715132e+01   1.0000000e+00
   2.6700141e+02  -6.7715065e+01   1.0000000e+00
   2.6733334e+02  -6.7695246e+01   1.0000000e+00
   2.6766666e+02  -6.7677953e+01   1.0000000e+00
   2.6800000e+02  -6.7659763e+01   1.0000000e+00
   2.6833334e+02  -6.7644216e+01   1.0000000e+00
   2.6866666e+02  -6.7624721e+01   1.0000000e+00
   2.6900000e+02  -6.7614993e+01   1.0000000e+00
   2.6933334e+02  -6.7604566e+01   1.0000000e+00
   2.6962782e+02  -6.7588318e+01   1.0000000e+00
   2.6966666e+02  -6.7586413e+01   1.0000000e+00
   2.7000000e+02  -6.7560562e+01   1.0000000e+00
   2.7033334e+02  -6.7533580e+01   1.0000000e+00
   2.7066666e+02  -6.7506078e+01   1.0000000e+00
   2.7100000e+02  -6.7476934e+01   1.0000000e+00
   2.7121318e+02  -6.7460892e+01   1.0000000e+00
   2.7133334e+02  -6.7452228e+01   1.0000000e+00
   2.7166666e+02  -6.7434020e+01   1.0000000e+00
   2.7200000e+02  -6.7418387e+01   1.0000000e+00
   2.7233334e+02  -6.7396276e+01   1.0000000e+00
   2.7266666e+02  -6.7366462e+01   1.0000000e+00
   2.7300000e+02  -6.7334319e+01   1.0000000e+00
   2.7301451e+02  -6.7332771e+01   1.0000000e+00
   2.7333334e+02  -6.7300624e+01   1.0000000e+00
   2.7366666e+02  -6.7263825e+01   1.0000000e+00
   2.7400000e+02  -6.7222685e+01   1.0000000e+00
   2.7415449e+02  -6.7203972e+01   1.0000000e+00
   2.7433334e+02  -6.7180389e+01   1.0000000e+00
   2.7466666e+02  -6.7138824e+01   1.0000000e+00
   2.7500000e+02  -6.7102540e+01   1.0000000e+00
   2.7526407e+02  -6.7074471e+01   1.0000000e+00
   2.7533334e+02  -6.7067182e+01   1.0000000e+00
   2.7566666e+02  -6.7033522e+01   1.0000000e+00
   2.7600000e+02  -6.6990900e+01   1.0000000e+00
   2.7629033e+02  -6.6944275e+01   1.0000000e+00
   2.7633334e+02  -6.6937142e+01   1.0000000e+00
   2.7666666e+02  -6.6859558e+01   1.0000000e+00
   2.7688671e+02  -6.6813385e+01   1.0000000e+00
   2.7700000e+02  -6.6792883e+01   1.0000000e+00
   2.7733334e+02  -6.6731864e+01   1.0000000e+00
   2.7762874e+02  -6.6681793e+01   1.0000000e+00
   2.7766666e+02  -6.6674909e+01   1.0000000e+00
   2.7800000e+02  -6.6610452e+01   1.0000000e+00
   2.7833334e+02  -6.6561317e+01   1.0000000e+00
   2.7842817e+02  -6.6549492e+01   1.0000000e+00
   2.7866666e+02  -6.6520079e+01   1.0000000e+00
   2.7900000e+02  -6.6486413e+01   1.0000000e+00
   2.7933334e+02  -6.6435838e+01   1.0000000e+00
   2.7945275e+02  -6.6416489e+01   1.0000000e+00
   2.7966666e+02  -6.6379953e+01   1.0000000e+00
   2.8000000e+02  -6.6299979e+01   1.0000000e+00
   2.8006199e+02  -6.6282768e+01   1.0000000e+00
   2.8033334e+02  -6.6209741e+01   1.0000000e+00
   2.8054019e+02  -6.6148338e+01   1.0000000e+00
   2.8066666e+02  -6.6102653e+01   1.0000000e+00
   2.8092696e+02  -6.6013184e+01   1.0000000e+00
   2.8100000e+02  -6.5989310e+01   1.0000000e+00
   2.8133334e+02  -6.5881745e+01   1.0000000e+00
   2.8134824e+02  -6.5877319e+01   1.0000000e+00
   2.8166666e+02  -6.5786584e+01   1.0000000e+00
   2.8184802e+02  -6.5740723e+01   1.0000000e+00
   2.8200000e+02  -6.5703727e+01   1.0000000e+00
   2.8233334e+02  -6.5609960e+01   1.0000000e+00
   2.8235110e+02  -6.5603409e+01   1.0000000e+00
   2.8265968e+02  -6.5465355e+01   1.0000000e+00
   2.8266666e+02  -6.5461802e+01   1.0000000e+00
   2.8290127e+02  -6.5326576e+01   1.0000000e+00
   2.8300000e+02  -6.5257189e+01   1.0000000e+00
   2.8309549e+02  -6.5187057e+01   1.0000000e+00
   2.8327167e+02  -6.5046806e+01   1.0000000e+00
   2.8333334e+02  -6.4994182e+01   1.0000000e+00
   2.8344633e+02  -6.4905807e+01   1.0000000e+00
   2.8366666e+02  -6.4786681e+01   1.0000000e+00
   2.8372134e+02  -6.4764061e+01   1.0000000e+00
   2.8400000e+02  -6.4683403e+01   1.0000000e+00
   2.8425254e+02  -6.4621574e+01   1.0000000e+00
   2.8433334e+02  -6.4605218e+01   1.0000000e+00
   2.8466666e+02  -6.4522558e+01   1.0000000e+00
   2.8481433e+02  -6.4478333e+01   1.0000000e+00
   2.8500000e+02  -6.4429429e+01   1.0000000e+00
   2.8532846e+02  -6.4334335e+01   1.0000000e+00
   2.8533334e+02  -6.4332919e+01   1.0000000e+00
   2.8566666e+02  -6.4245129e+01   1.0000000e+00
   2.8590627e+02  -6.4189583e+01   1.0000000e+00
   2.8600000e+02  -6.4164952e+01   1.0000000e+00
   2.8633334e+02  -6.4085818e+01   1.0000000e+00
   2.8651659e+02  -6.4044075e+01   1.0000000e+00
   2.8666666e+02  -6.4008520e+01   1.0000000e+00
   2.8700000e+02  -6.3934065e+01   1.0000000e+00
   2.8718488e+02  -6.3897800e+01   1.0000000e+00
   2.8733334e+02  -6.3871425e+01   1.0000000e+00
   2.8766666e+02  -6.3814667e+01   1.0000000e+00
   2.8798672e+02  -6.3750755e+01   1.0000000e+00
   2.8800000e+02  -6.3748074e+01   1.0000000e+00
   2.8833334e+02  -6.3667537e+01   1.0000000e+00
   2.8858292e+02  -6.3602947e+01   1.0000000e+00
   2.8866666e+02  -6.3580045e+01   1.0000000e+00
   2.8900000e+02  -6.3478221e+01   1.0000000e+00
   2.8907424e+02  -6.3454365e+01   1.0000000e+00
   2.8933334e+02  -6.3349124e+01   1.0000000e+00
   2.8944517e+02  -6.3305004e+01   1.0000000e+00
   2.8966666e+02  -6.3177702e+01   1.0000000e+00
   2.8971503e+02  -6.3154869e+01   1.0000000e+00
   2.9000000e+02  -6.3008083e+01   1.0000000e+00
   2.9001262e+02  -6.3003952e+01   1.0000000e+00
   2.9033334e+02  -6.2930618e+01   1.0000000e+00
   2.9066666e+02  -6.2899703e+01   1.0000000e+00
   2.9100000e+02  -6.2880584e+01   1.0000000e+00
   2.9128518e+02  -6.2852249e+01   1.0000000e+00
   2.9133334e+02  -6.2847897e+01   1.0000000e+00
   2.9166666e+02  -6.2787735e+01   1.0000000e+00
   2.9197523e+02  -6.2699757e+01   1.0000000e+00
   2.9200000e+02  -6.2692866e+01   1.0000000e+00
   2.9233334e+02  -6.2572437e+01   1.0000000e+00
   2.9239877e+02  -6.2546478e+01   1.0000000e+00
   2.9266666e+02  -6.2447009e+01   1.0000000e+00
   2.9282346e+02  -6.2392406e+01   1.0000000e+00
   2.9300000e+02  -6.2330082e+01   1.0000000e+00
   2.9327890e+02  -6.2237534e+01   1.0000000e+00
   2.9333334e+02  -6.2217715e+01   1.0000000e+00
   2.9366666e+02  -6.2100398e+01   1.0000000e+00
   2.9371739e+02  -6.2081867e+01   1.0000000e+00
   2.9400000e+02  -6.1972362e+01   1.0000000e+00
   2.9412260e+02  -6.1925392e+01   1.0000000e+00
   2.9433334e+02  -6.1834552e+01   1.0000000e+00
   2.9447471e+02  -6.1768116e+01   1.0000000e+00
   2.9466666e+02  -6.1657827e+01   1.0000000e+00
   2.9474450e+02  -6.1610031e+01   1.0000000e+00
   2.9496660e+02  -6.1451138e+01   1.0000000e+00
   2.9500000e+02  -6.1426723e+01   1.0000000e+00
   2.9523019e+02  -6.1291428e+01   1.0000000e+00
   2.9533334e+02  -6.1236141e+01   1.0000000e+00
   2.9558721e+02  -6.1130898e+01   1.0000000e+00
   2.9566666e+02  -6.1099428e+01   1.0000000e+00
   2.9600000e+02  -6.0992302e+01   1.0000000e+00
   2.9609719e+02  -6.0969551e+01   1.0000000e+00
   2.9633334e+02  -6.0916865e+01   1.0000000e+00
   2.9666666e+02  -6.0842977e+01   1.0000000e+00
   2.9682781e+02  -6.0807381e+01   1.0000000e+00
   2.9700000e+02  -6.0765223e+01   1.0000000e+00
   2.9733334e+02  -6.0675091e+01   1.0000000e+00
   2.9742351e+02  -6.0644386e+01   1.0000000e+00
   2.9766666e+02  -6.0578045e+01   1.0000000e+00
   2.9800000e+02  -6.0507869e+01   1.0000000e+00
   2.9823880e+02  -6.0480560e+01   1.0000000e+00
   2.9833334e+02  -6.0471500e+01   1.0000000e+00
   2.9866666e+02  -6.0463835e+01   1.0000000e+00
   2.9900000e+02  -6.0453753e+01   1.0000000e+00
   2.9933334e+02  -6.0409275e+01   1.0000000e+00
   2.9966666e+02  -6.0330438e+01   1.0000000e+00
   2.9970653e+02  -6.0315907e+01   1.0000000e+00
   3.0000000e+02  -6.0160259e+01   1.0000000e+00
   3.0001221e+02  -6.0150417e+01   1.0000000e+00
   3.0018646e+02  -5.9984089e+01   1.0000000e+00
   3.0033334e+02  -5.9873451e+01   1.0000000e+00
   3.0040205e+02  -5.9816921e+01   1.0000000e+00
   3.0059088e+02  -5.9648911e+01   1.0000000e+00
   3.0066666e+02  -5.9588166e+01   1.0000000e+00
   3.0082202e+02  -5.9480057e+01   1.0000000e+00
   3.0100000e+02  -5.9413639e+01   1.0000000e+00
   3.0133334e+02  -5.9314262e+01   1.0000000e+00
   3.0134747e+02  -5.9310352e+01   1.0000000e+00
   3.0166666e+02  -5.9208716e+01   1.0000000e+00
   3.0187083e+02  -5.9139797e+01   1.0000000e+00
   3.0200000e+02  -5.9095790e+01   1.0000000e+00
   3.0233009e+02  -5.8968388e+01   1.0000000e+00
   3.0233334e+02  -5.8967534e+01   1.0000000e+00
   3.0266666e+02  -5.8876368e+01   1.0000000e+00
   3.0295930e+02  -5.8796120e+01   1.0000000e+00
   3.0300000e+02  -5.8784268e+01   1.0000000e+00
   3.0333334e+02  -5.8688186e+01   1.0000000e+00
   3.0357527e+02  -5.8622997e+01   1.0000000e+00
   3.0366666e+02  -5.8601284e+01   1.0000000e+00
   3.0400000e+02  -5.8539050e+01   1.0000000e+00
   3.0433334e+02  -5.8500904e+01   1.0000000e+00
   3.0466666e+02  -5.8468885e+01   1.0000000e+00
   3.0500000e+02  -5.8451340e+01   1.0000000e+00
   3.0533334e+02  -5.8463521e+01   1.0000000e+00
   3.0566666e+02  -5.8481852e+01   1.0000000e+00
   3.0600000e+02  -5.8480210e+01   1.0000000e+00
   3.0632663e+02  -5.8449009e+01   1.0000000e+00
   3.0633334e+02  -5.8448434e+01   1.0000000e+00
   3.0666666e+02  -5.8400774e+01   1.0000000e+00
   3.0700000e+02  -5.8344041e+01   1.0000000e+00
   3.0733334e+02  -5.8281694e+01   1.0000000e+00
   3.0737557e+02  -5.8274158e+01   1.0000000e+00
   3.0766666e+02  -5.8223136e+01   1.0000000e+00
   3.0800000e+02  -5.8172354e+01   1.0000000e+00
   3.0833334e+02  -5.8119532e+01   1.0000000e+00
   3.0845944e+02  -5.8098438e+01   1.0000000e+00
   3.0866666e+02  -5.8061815e+01   1.0000000e+00
   3.0900000e+02  -5.8000784e+01   1.0000000e+00
   3.0933334e+02  -5.7942393e+01   1.0000000e+00
   3.0947555e+02  -5.7921848e+01   1.0000000e+00
   3.0966666e+02  -5.7896416e+01   1.0000000e+00
   3.1000000e+02  -5.7856680e+01   1.0000000e+00
   3.1033334e+02  -5.7811627e+01   1.0000000e+00
   3.1066666e+02  -5.7749937e+01   1.0000000e+00
   3.1068998e+02  -5.7744385e+01   1.0000000e+00
   3.1100000e+02  -5.7663907e+01   1.0000000e+00
   3.1132457e+02  -5.7566048e+01   1.0000000e+00
   3.1133334e+02  -5.7563160e+01   1.0000000e+00
   3.1166666e+02  -5.7470870e+01   1.0000000e+00
   3.1197783e+02  -5.7386833e+01   1.0000000e+00
   3.1200000e+02  -5.7380695e+01   1.0000000e+00
   3.1233334e+02  -5.7285266e+01   1.0000000e+00
   3.1264924e+02  -5.7206738e+01   1.0000000e+00
   3.1266666e+02  -5.7202425e+01   1.0000000e+00
   3.1300000e+02  -5.7123753e+01   1.0000000e+00
   3.1333334e+02  -5.7038998e+01   1.0000000e+00
   3.1338104e+02  -5.7025761e+01   1.0000000e+00
   3.1366666e+02  -5.6942431e+01   1.0000000e+00
   3.1395149e+02  -5.6843895e+01   1.0000000e+00
   3.1400000e+02  -5.6828237e+01   1.0000000e+00
   3.1433334e+02  -5.6707962e+01   1.0000000e+00
   3.1446243e+02  -5.6661144e+01   1.0000000e+00
   3.1466666e+02  -5.6595281e+01   1.0000000e+00
   3.1500000e+02  -5.6487286e+01   1.0000000e+00
   3.1503072e+02  -5.6477505e+01   1.0000000e+00
   3.1533334e+02  -5.6385928e+01   1.0000000e+00
   3.1563629e+02  -5.6292969e+01   1.0000000e+00
   3.1566666e+02  -5.6283821e+01   1.0000000e+00
   3.1600000e+02  -5.6214487e+01   1.0000000e+00
   3.1633334e+02  -5.6179798e+01   1.0000000e+00
   3.1666666e+02  -5.6171038e+01   1.0000000e+00
   3.1700000e+02  -5.6172002e+01   1.0000000e+00
   3.1733334e+02  -5.6181713e+01   1.0000000e+00
   3.1766666e+02  -5.6201273e+01   1.0000000e+00
   3.1800000e+02  -5.6241192e+01   1.0000000e+00
   3.1833334e+02  -5.6278807e+01   1.0000000e+00
   3.1866666e+02  -5.6284314e+01   1.0000000e+00
   3.1900000e+02  -5.6257928e+01   1.0000000e+00
   3.1933334e+02  -5.6225239e+01   1.0000000e+00
   3.1966666e+02  -5.6213414e+01   1.0000000e+00
   3.2000000e+02  -5.6211269e+01   1.0000000e+00
   3.2033334e+02  -5.6194739e+01   1.0000000e+00
   3.2066666e+02  -5.6169726e+01   1.0000000e+00
   3.2100000e+02  -5.6129104e+01   1.0000000e+00
   3.2111143e+02  -5.6107536e+01   1.0000000e+00
   3.2133334e+02  -5.6059801e+01   1.0000000e+00
   3.2166666e+02  -5.5971005e+01   1.0000000e+00
   3.2186664e+02  -5.5921211e+01   1.0000000e+00
   3.2200000e+02  -5.5875044e+01   1.0000000e+00
   3.2233334e+02  -5.5848248e+01   1.0000000e+00
   3.2266666e+02  -5.5888743e+01   1.0000000e+00
   3.2284441e+02  -5.5921211e+01   1.0000000e+00
   3.2300000e+02  -5.5942672e+01   1.0000000e+00
   3.2329420e+02  -5.5921211e+01   1.0000000e+00
   3.2333334e+02  -5.5915512e+01   1.0000000e+00
   3.2360526e+02  -5.5733982e+01   1.0000000e+00
   3.2366666e+02  -5.5701272e+01   1.0000000e+00
   3.2400000e+02  -5.5724769e+01   1.0000000e+00
   3.2433334e+02  -5.5716983e+01   1.0000000e+00
   3.2466666e+02  -5.5710762e+01   1.0000000e+00
   3.2500000e+02  -5.5704365e+01   1.0000000e+00
   3.2533334e+02  -5.5696912e+01   1.0000000e+00
   3.2566666e+02  -5.5689814e+01   1.0000000e+00
   3.2590957e+02  -5.5545853e+01   1.0000000e+00
   3.2590581e+02  -5.5356815e+01   1.0000000e+00
   3.2590199e+02  -5.5166874e+01   1.0000000e+00
   3.2589874e+02  -5.4976025e+01   1.0000000e+00
   3.2589332e+02  -5.4784260e+01   1.0000000e+00
   3.2566666e+02  -5.4649498e+01   1.0000000e+00
   3.2556647e+02  -5.4591587e+01   1.0000000e+00
   3.2533334e+02  -5.4450841e+01   1.0000000e+00
   3.2524235e+02  -5.4397995e+01   1.0000000e+00
   3.2500000e+02  -5.4250313e+01   1.0000000e+00
   3.2491975e+02  -5.4203484e+01   1.0000000e+00
   3.2491769e+02  -5.4008053e+01   1.0000000e+00
   3.2466666e+02  -5.3853809e+01   1.0000000e+00
   3.2459518e+02  -5.3811703e+01   1.0000000e+00
   3.2433334e+02  -5.3650211e+01   1.0000000e+00
   3.2427288e+02  -5.3614426e+01   1.0000000e+00
   3.2400000e+02  -5.3444567e+01   1.0000000e+00
   3.2395233e+02  -5.3416225e+01   1.0000000e+00
   3.2366666e+02  -5.3237344e+01   1.0000000e+00
   3.2333334e+02  -5.3231340e+01   1.0000000e+00
   3.2300000e+02  -5.3226578e+01   1.0000000e+00
   3.2266666e+02  -5.3224770e+01   1.0000000e+00
   3.2234604e+02  -5.3416225e+01   1.0000000e+00
   3.2233334e+02  -5.3423776e+01   1.0000000e+00
   3.2200000e+02  -5.3421050e+01   1.0000000e+00
   3.2166666e+02  -5.3420904e+01   1.0000000e+00
   3.2133334e+02  -5.3420723e+01   1.0000000e+00
   3.2100000e+02  -5.3420201e+01   1.0000000e+00
   3.2066666e+02  -5.3456377e+01   1.0000000e+00
   3.2054498e+02  -5.3416225e+01   1.0000000e+00
   3.2033334e+02  -5.3281026e+01   1.0000000e+00
   3.2022335e+02  -5.3217094e+01   1.0000000e+00
   3.2000000e+02  -5.3129801e+01   1.0000000e+00
   3.1977004e+02  -5.3017033e+01   1.0000000e+00
   3.1966666e+02  -5.2906037e+01   1.0000000e+00
   3.1960726e+02  -5.2816040e+01   1.0000000e+00
   3.1943946e+02  -5.2614117e+01   1.0000000e+00
   3.1935429e+02  -5.2411255e+01   1.0000000e+00
   3.1950134e+02  -5.2207455e+01   1.0000000e+00
   3.1966666e+02  -5.2079998e+01   1.0000000e+00
   3.1995219e+02  -5.2002716e+01   1.0000000e+00
   3.2000000e+02  -5.1997294e+01   1.0000000e+00
   3.2008385e+02  -5.2002716e+01   1.0000000e+00
   3.2033334e+02  -5.2048754e+01   1.0000000e+00
   3.2066666e+02  -5.2122578e+01   1.0000000e+00
   3.2088219e+02  -5.2207455e+01   1.0000000e+00
   3.2100000e+02  -5.2244547e+01   1.0000000e+00
   3.2133334e+02  -5.2370824e+01   1.0000000e+00
   3.2149057e+02  -5.2411255e+01   1.0000000e+00
   3.2166666e+02  -5.2472832e+01   1.0000000e+00
   3.2200000e+02  -5.2593698e+01   1.0000000e+00
   3.2207920e+02  -5.2614117e+01   1.0000000e+00
   3.2233334e+02  -5.2724067e+01   1.0000000e+00
   3.2266666e+02  -5.2768033e+01   1.0000000e+00
   3.2300000e+02  -5.2706799e+01   1.0000000e+00
   3.2313123e+02  -5.2614117e+01   1.0000000e+00
   3.2333334e+02  -5.2545488e+01   1.0000000e+00
   3.2360512e+02  -5.2411255e+01   1.0000000e+00
   3.2366666e+02  -5.2391422e+01   1.0000000e+00
   3.2400000e+02  -5.2257188e+01   1.0000000e+00
   3.2411951e+02  -5.2207455e+01   1.0000000e+00
   3.2433334e+02  -5.2129083e+01   1.0000000e+00
   3.2466666e+02  -5.2052344e+01   1.0000000e+00
   3.2494351e+02  -5.2002716e+01   1.0000000e+00
   3.2500000e+02  -5.1994560e+01   1.0000000e+00
   3.2533334e+02  -5.1933871e+01   1.0000000e+00
   3.2566666e+02  -5.1862652e+01   1.0000000e+00
   3.2596387e+02  -5.1797039e+01   1.0000000e+00
   3.2600000e+02  -5.1789538e+01   1.0000000e+00
   3.2633334e+02  -5.1720136e+01   1.0000000e+00
   3.2666666e+02  -5.1653945e+01   1.0000000e+00
   3.2700000e+02  -5.1593034e+01   1.0000000e+00
   3.2701938e+02  -5.1590416e+01   1.0000000e+00
   3.2733334e+02  -5.1551950e+01   1.0000000e+00
   3.2766666e+02  -5.1536325e+01   1.0000000e+00
   3.2800000e+02  -5.1552857e+01   1.0000000e+00
   3.2827049e+02  -5.1590416e+01   1.0000000e+00
   3.2833334e+02  -5.1598223e+01   1.0000000e+00
   3.2866666e+02  -5.1640827e+01   1.0000000e+00
   3.2900000e+02  -5.1665197e+01   1.0000000e+00
   3.2933334e+02  -5.1683386e+01   1.0000000e+00
   3.2966666e+02  -5.1704153e+01   1.0000000e+00
   3.3000000e+02  -5.1741563e+01   1.0000000e+00
   3.3029564e+02  -5.1797039e+01   1.0000000e+00
   3.3033334e+02  -5.1804623e+01   1.0000000e+00
   3.3066666e+02  -5.1891888e+01   1.0000000e+00
   3.3098581e+02  -5.2002716e+01   1.0000000e+00
   3.3100000e+02  -5.2008083e+01   1.0000000e+00
   3.3133334e+02  -5.2145303e+01   1.0000000e+00
   3.3150981e+02  -5.2207455e+01   1.0000000e+00
   3.3166666e+02  -5.2255754e+01   1.0000000e+00
   3.3200000e+02  -5.2346139e+01   1.0000000e+00
   3.3222954e+02  -5.2411255e+01   1.0000000e+00
   3.3233334e+02  -5.2444812e+01   1.0000000e+00
   3.3266666e+02  -5.2572477e+01   1.0000000e+00
   3.3275293e+02  -5.2614117e+01   1.0000000e+00
   3.3300000e+02  -5.2773681e+01   1.0000000e+00
   3.3306340e+02  -5.2816040e+01   1.0000000e+00
   3.3333334e+02  -5.3009657e+01   1.0000000e+00
   3.3334798e+02  -5.3017033e+01   1.0000000e+00
   3.3366666e+02  -5.3143602e+01   1.0000000e+00
   3.3394855e+02  -5.3217094e+01   1.0000000e+00
   3.3400000e+02  -5.3229300e+01   1.0000000e+00
   3.3433334e+02  -5.3315503e+01   1.0000000e+00
   3.3464508e+02  -5.3416225e+01   1.0000000e+00
   3.3466666e+02  -5.3422928e+01   1.0000000e+00
   3.3500000e+02  -5.3506800e+01   1.0000000e+00
   3.3533334e+02  -5.3573297e+01   1.0000000e+00
   3.3552195e+02  -5.3614426e+01   1.0000000e+00
   3.3566666e+02  -5.3646999e+01   1.0000000e+00
   3.3600000e+02  -5.3724155e+01   1.0000000e+00
   3.3633334e+02  -5.3779737e+01   1.0000000e+00
   3.3666666e+02  -5.3789656e+01   1.0000000e+00
   3.3700000e+02  -5.3768008e+01   1.0000000e+00
   3.3733334e+02  -5.3753924e+01   1.0000000e+00
   3.3766666e+02  -5.3764933e+01   1.0000000e+00
   3.3800000e+02  -5.3780973e+01   1.0000000e+00
   3.3833334e+02  -5.3784030e+01   1.0000000e+00
   3.3866666e+02  -5.3776261e+01   1.0000000e+00
   3.3900000e+02  -5.3758334e+01   1.0000000e+00
   3.3933334e+02  -5.3722787e+01   1.0000000e+00
   3.3966666e+02  -5.3653739e+01   1.0000000e+00
   3.3981581e+02  -5.3614426e+01   1.0000000e+00
   3.4000000e+02  -5.3570135e+01   1.0000000e+00
   3.4033334e+02  -5.3529036e+01   1.0000000e+00
   3.4066666e+02  -5.3518135e+01   1.0000000e+00
   3.4100000e+02  -5.3512304e+01   1.0000000e+00
   3.4133334e+02  -5.3507441e+01   1.0000000e+00
   3.4166666e+02  -5.3508317e+01   1.0000000e+00
   3.4200000e+02  -5.3528698e+01   1.0000000e+00
   3.4233334e+02  -5.3572284e+01   1.0000000e+00
   3.4262327e+02  -5.3614426e+01   1.0000000e+00
   3.4266666e+02  -5.3621322e+01   1.0000000e+00
   3.4300000e+02  -5.3670725e+01   1.0000000e+00
   3.4333334e+02  -5.3710094e+01   1.0000000e+00
   3.4366666e+02  -5.3763393e+01   1.0000000e+00
   3.4388873e+02  -5.3811703e+01   1.0000000e+00
   3.4400000e+02  -5.3839909e+01   1.0000000e+00
   3.4433334e+02  -5.3909355e+01   1.0000000e+00
   3.4466666e+02  -5.3950953e+01   1.0000000e+00
   3.4500000e+02  -5.3948526e+01   1.0000000e+00
   3.4533334e+02  -5.3885678e+01   1.0000000e+00
   3.4563315e+02  -5.3811703e+01   1.0000000e+00
   3.4566666e+02  -5.3803585e+01   1.0000000e+00
   3.4600000e+02  -5.3748765e+01   1.0000000e+00
   3.4633334e+02  -5.3728769e+01   1.0000000e+00
   3.4666666e+02  -5.3711388e+01   1.0000000e+00
   3.4700000e+02  -5.3640591e+01   1.0000000e+00
   3.4706631e+02  -5.3614426e+01   1.0000000e+00
   3.4733334e+02  -5.3512057e+01   1.0000000e+00
   3.4753247e+02  -5.3416225e+01   1.0000000e+00
   3.4766666e+02  -5.3356430e+01   1.0000000e+00
   3.4794597e+02  -5.3217094e+01   1.0000000e+00
   3.4800000e+02  -5.3186826e+01   1.0000000e+00
   3.4829760e+02  -5.3017033e+01   1.0000000e+00
   3.4833334e+02  -5.2998774e+01   1.0000000e+00
   3.4866666e+02  -5.2834784e+01   1.0000000e+00
   3.4870661e+02  -5.2816040e+01   1.0000000e+00
   3.4900000e+02  -5.2686875e+01   1.0000000e+00
   3.4914771e+02  -5.2614117e+01   1.0000000e+00
   3.4933334e+02  -5.2528718e+01   1.0000000e+00
   3.4952804e+02  -5.2411255e+01   1.0000000e+00
   3.4966666e+02  -5.2334779e+01   1.0000000e+00
   3.4988533e+02  -5.2207455e+01   1.0000000e+00
   3.5000000e+02  -5.2141873e+01   1.0000000e+00
   3.5027781e+02  -5.2002716e+01   1.0000000e+00
   3.5033334e+02  -5.1979609e+01   1.0000000e+00
   3.5066666e+02  -5.1841292e+01   1.0000000e+00
   3.5075323e+02  -5.1797039e+01   1.0000000e+00
   3.5100000e+02  -5.1644152e+01   1.0000000e+00
   3.5107728e+02  -5.1590416e+01   1.0000000e+00
   3.5133334e+02  -5.1452470e+01   1.0000000e+00
   3.5148505e+02  -5.1382851e+01   1.0000000e+00
   3.5166666e+02  -5.1315890e+01   1.0000000e+00
   3.5200000e+02  -5.1219571e+01   1.0000000e+00
   3.5222226e+02  -5.1174343e+01   1.0000000e+00
   3.5233334e+02  -5.1151961e+01   1.0000000e+00
   3.5266666e+02  -5.1095376e+01   1.0000000e+00
   3.5300000e+02  -5.1029151e+01   1.0000000e+00
   3.5324733e+02  -5.0964882e+01   1.0000000e+00
   3.5333334e+02  -5.0945910e+01   1.0000000e+00
   3.5366666e+02  -5.0879965e+01   1.0000000e+00
   3.5400000e+02  -5.0842514e+01   1.0000000e+00
   3.5433334e+02  -5.0848904e+01   1.0000000e+00
   3.5466666e+02  -5.0872651e+01   1.0000000e+00
   3.5500000e+02  -5.0907080e+01   1.0000000e+00
   3.5533334e+02  -5.0940807e+01   1.0000000e+00
   3.5566666e+02  -5.0963848e+01   1.0000000e+00
   3.5600000e+02  -5.0964297e+01   1.0000000e+00
   3.5633334e+02  -5.0962434e+01   1.0000000e+00
   3.5637423e+02  -5.0964882e+01   1.0000000e+00
   3.5666666e+02  -5.0986181e+01   1.0000000e+00
   3.5700000e+02  -5.1049563e+01   1.0000000e+00
   3.5733334e+02  -5.1140414e+01   1.0000000e+00
   3.5744875e+02  -5.1174343e+01   1.0000000e+00
   3.5766666e+02  -5.1238532e+01   1.0000000e+00
   3.5800000e+02  -5.1342570e+01   1.0000000e+00
   3.5812919e+02  -5.1382851e+01   1.0000000e+00
   3.5833334e+02  -5.1449534e+01   1.0000000e+00
   3.5866666e+02  -5.1530592e+01   1.0000000e+00
   3.5900000e+02  -5.1585590e+01   1.0000000e+00
   3.5905519e+02  -5.1590416e+01   1.0000000e+00
   3.5933334e+02  -5.1615548e+01   1.0000000e+00
   3.5966666e+02  -5.1667760e+01   1.0000000e+00
   3.6000000e+02  -5.1736677e+01   1.0000000e+00
   7.7000000e+01  -5.4784113e+01   2.0000000e+00
   7.7000254e+01  -5.4784260e+01   2.0000000e+00
   7.7000000e+01  -5.4784406e+01   2.0000000e+00
   7.6999746e+01  -5.4784260e+01   2.0000000e+00
   7.7000000e+01  -5.4784113e+01   2.0000000e+00
