   2.2226023e+02  -6.7203972e+01   1.0000000e+00
   2.2221385e+02  -6.7074471e+01   1.0000000e+00
   2.2218296e+02  -6.6944275e+01   1.0000000e+00
   2.2212901e+02  -6.6813385e+01   1.0000000e+00
   2.2214350e+02  -6.6681793e+01   1.0000000e+00
   2.2209543e+02  -6.6549492e+01   1.0000000e+00
   2.2207248e+02  -6.6416489e+01   1.0000000e+00
   2.2204883e+02  -6.6282768e+01   1.0000000e+00
   2.2200000e+02  -6.6229351e+01   1.0000000e+00
   2.2191840e+02  -6.6148338e+01   1.0000000e+00
   2.2191048e+02  -6.6013184e+01   1.0000000e+00
   2.2192774e+02  -6.5877319e+01   1.0000000e+00
   2.2197361e+02  -6.5740723e+01   1.0000000e+00
   2.2200000e+02  -6.5730309e+01   1.0000000e+00
   2.2230387e+02  -6.5603409e+01   1.0000000e+00
   2.2230780e+02  -6.5465355e+01   1.0000000e+00
   2.2230499e+02  -6.5326576e+01   1.0000000e+00
   2.2228585e+02  -6.5187057e+01   1.0000000e+00
   2.2231885e+02  -6.5046806e+01   1.0000000e+00
   2.2230285e+02  -6.4905807e+01   1.0000000e+00
   2.2230019e+02  -6.4764061e+01   1.0000000e+00
   2.2229749e+02  -6.4621574e+01   1.0000000e+00
   2.2231069e+02  -6.4478333e+01   1.0000000e+00
   2.2233333e+02  -6.4398717e+01   1.0000000e+00
   2.2235370e+02  -6.4334335e+01   1.0000000e+00
   2.2244214e+02  -6.4189583e+01   1.0000000e+00
   2.2258476e+02  -6.4044075e+01   1.0000000e+00
   2.2266667e+02  -6.3980703e+01   1.0000000e+00
   2.2277391e+02  -6.3897800e+01   1.0000000e+00
   2.2295762e+02  -6.3750755e+01   1.0000000e+00
   2.2300000e+02  -6.3703077e+01   1.0000000e+00
   2.2307344e+02  -6.3602947e+01   1.0000000e+00
   2.2311570e+02  -6.3454365e+01   1.0000000e+00
   2.2308276e+02  -6.3305004e+01   1.0000000e+00
   2.2300000e+02  -6.3184107e+01   1.0000000e+00
   2.2297737e+02  -6.3154869e+01   1.0000000e+00
   2.2284792e+02  -6.3003952e+01   1.0000000e+00
   2.2274191e+02  -6.2852249e+01   1.0000000e+00
   2.2273284e+02  -6.2699757e+01   1.0000000e+00
   2.2272411e+02  -6.2546478e+01   1.0000000e+00
   2.2271955e+02  -6.2392406e+01   1.0000000e+00
   2.2273548e+02  -6.2237534e+01   1.0000000e+00
   2.2276887e+02  -6.2081867e+01   1.0000000e+00
   2.2275038e+02  -6.1925392e+01   1.0000000e+00
   2.2268458e+02  -6.1768116e+01   1.0000000e+00
   2.2266667e+02  -6.1731384e+01   1.0000000e+00
   2.2260720e+02  -6.1610031e+01   1.0000000e+00
   2.2254353e+02  -6.1451138e+01   1.0000000e+00
   2.2240886e+02  -6.1291428e+01   1.0000000e+00
   2.2233333e+02  -6.1204673e+01   1.0000000e+00
   2.2226780e+02  -6.1130898e+01   1.0000000e+00
   2.2208991e+02  -6.0969551e+01   1.0000000e+00
   2.2200000e+02  -6.0898338e+01   1.0000000e+00
   2.2188689e+02  -6.0807381e+01   1.0000000e+00
   2.2172938e+02  -6.0644386e+01   1.0000000e+00
   2.2166667e+02  -6.0580248e+01   1.0000000e+00
   2.2153470e+02  -6.0480560e+01   1.0000000e+00
   2.2133333e+02  -6.0414582e+01   1.0000000e+00
   2.2100000e+02  -6.0348292e+01   1.0000000e+00
   2.2079516e+02  -6.0315907e+01   1.0000000e+00
   2.2066667e+02  -6.0291256e+01   1.0000000e+00
   2.2033333e+02  -6.0208787e+01   1.0000000e+00
   2.2016160e+02  -6.0150417e+01   1.0000000e+00
   2.2000000e+02  -6.0061867e+01   1.0000000e+00
   2.1988546e+02  -5.9984089e+01   1.0000000e+00
   2.1966667e+02  -5.9836315e+01   1.0000000e+00
   2.1964392e+02  -5.9816921e+01   1.0000000e+00
   2.1945006e+02  -5.9648911e+01   1.0000000e+00
   2.1933333e+02  -5.9561137e+01   1.0000000e+00
   2.1922870e+02  -5.9480057e+01   1.0000000e+00
   2.1900000e+02  -5.9377182e+01   1.0000000e+00
   2.1878943e+02  -5.9310352e+01   1.0000000e+00
   2.1866667e+02  -5.9281125e+01   1.0000000e+00
   2.1833333e+02  -5.9222661e+01   1.0000000e+00
   2.1800000e+02  -5.9150610e+01   1.0000000e+00
   2.1796751e+02  -5.9139797e+01   1.0000000e+00
   2.1766667e+02  -5.9028531e+01   1.0000000e+00
   2.1754870e+02  -5.8968388e+01   1.0000000e+00
   2.1733333e+02  -5.8884212e+01   1.0000000e+00
   2.1710765e+02  -5.8796120e+01   1.0000000e+00
   2.1700000e+02  -5.8762860e+01   1.0000000e+00
   2.1666667e+02  -5.8673486e+01   1.0000000e+00
   2.1645858e+02  -5.8622997e+01   1.0000000e+00
   2.1633333e+02  -5.8594688e+01   1.0000000e+00
   2.1600000e+02  -5.8513666e+01   1.0000000e+00
   2.1577037e+02  -5.8449009e+01   1.0000000e+00
   2.1566667e+02  -5.8418905e+01   1.0000000e+00
   2.1533333e+02  -5.8330221e+01   1.0000000e+00
   2.1505751e+02  -5.8274158e+01   1.0000000e+00
   2.1500000e+02  -5.8261919e+01   1.0000000e+00
   2.1466667e+02  -5.8212160e+01   1.0000000e+00
   2.1433333e+02  -5.8165543e+01   1.0000000e+00
   2.1400000e+02  -5.8116950e+01   1.0000000e+00
   2.1382769e+02  -5.8098438e+01   1.0000000e+00
   2.1366667e+02  -5.8082795e+01   1.0000000e+00
   2.1333333e+02  -5.8065531e+01   1.0000000e+00
   2.1300000e+02  -5.8060071e+01   1.0000000e+00
   2.1266667e+02  -5.8065011e+01   1.0000000e+00
   2.1233333e+02  -5.8064731e+01   1.0000000e+00
   2.1200000e+02  -5.8061851e+01   1.0000000e+00
   2.1166667e+02  -5.8077809e+01   1.0000000e+00
   2.1148596e+02  -5.8098438e+01   1.0000000e+00
   2.1133333e+02  -5.8117693e+01   1.0000000e+00
   2.1100000e+02  -5.8200817e+01   1.0000000e+00
   2.1082575e+02  -5.8274158e+01   1.0000000e+00
   2.1066667e+02  -5.8334834e+01   1.0000000e+00
   2.1042230e+02  -5.8449009e+01   1.0000000e+00
   2.1033333e+02  -5.8489235e+01   1.0000000e+00
   2.1003853e+02  -5.8622997e+01   1.0000000e+00
   2.1000000e+02  -5.8639133e+01   1.0000000e+00
   2.0966667e+02  -5.8760485e+01   1.0000000e+00
   2.0956338e+02  -5.8796120e+01   1.0000000e+00
   2.0933333e+02  -5.8869782e+01   1.0000000e+00
   2.0903809e+02  -5.8968388e+01   1.0000000e+00
   2.0900000e+02  -5.8982551e+01   1.0000000e+00
   2.0866667e+02  -5.9121221e+01   1.0000000e+00
   2.0862671e+02  -5.9139797e+01   1.0000000e+00
   2.0833333e+02  -5.9293999e+01   1.0000000e+00
   2.0830268e+02  -5.9310352e+01   1.0000000e+00
   2.0800000e+02  -5.9475474e+01   1.0000000e+00
   2.0799133e+02  -5.9480057e+01   1.0000000e+00
   2.0770405e+02  -5.9648911e+01   1.0000000e+00
   2.0766667e+02  -5.9671022e+01   1.0000000e+00
   2.0742327e+02  -5.9816921e+01   1.0000000e+00
   2.0733333e+02  -5.9870899e+01   1.0000000e+00
   2.0714452e+02  -5.9984089e+01   1.0000000e+00
   2.0700000e+02  -6.0075998e+01   1.0000000e+00
   2.0687224e+02  -6.0150417e+01   1.0000000e+00
   2.0666667e+02  -6.0265283e+01   1.0000000e+00
   2.0656712e+02  -6.0315907e+01   1.0000000e+00
   2.0633333e+02  -6.0438684e+01   1.0000000e+00
   2.0624483e+02  -6.0480560e+01   1.0000000e+00
   2.0600000e+02  -6.0621563e+01   1.0000000e+00
   2.0595110e+02  -6.0644386e+01   1.0000000e+00
   2.0566667e+02  -6.0782124e+01   1.0000000e+00
   2.0560534e+02  -6.0807381e+01   1.0000000e+00
   2.0533333e+02  -6.0923099e+01   1.0000000e+00
   2.0522047e+02  -6.0969551e+01   1.0000000e+00
   2.0500000e+02  -6.1078402e+01   1.0000000e+00
   2.0489955e+02  -6.1130898e+01   1.0000000e+00
   2.0466667e+02  -6.1239486e+01   1.0000000e+00
   2.0454938e+02  -6.1291428e+01   1.0000000e+00
   2.0433333e+02  -6.1366027e+01   1.0000000e+00
   2.0407122e+02  -6.1451138e+01   1.0000000e+00
   2.0400000e+02  -6.1475307e+01   1.0000000e+00
   2.0367450e+02  -6.1610031e+01   1.0000000e+00
   2.0366667e+02  -6.1613512e+01   1.0000000e+00
   2.0336284e+02  -6.1768116e+01   1.0000000e+00
   2.0333333e+02  -6.1781595e+01   1.0000000e+00
   2.0300689e+02  -6.1925392e+01   1.0000000e+00
   2.0300000e+02  -6.1928296e+01   1.0000000e+00
   2.0266667e+02  -6.2060807e+01   1.0000000e+00
   2.0260796e+02  -6.2081867e+01   1.0000000e+00
   2.0233333e+02  -6.2189692e+01   1.0000000e+00
   2.0219638e+02  -6.2237534e+01   1.0000000e+00
   2.0200000e+02  -6.2298725e+01   1.0000000e+00
   2.0166667e+02  -6.2389190e+01   1.0000000e+00
   2.0165475e+02  -6.2392406e+01   1.0000000e+00
   2.0133333e+02  -6.2466737e+01   1.0000000e+00
   2.0100000e+02  -6.2535872e+01   1.0000000e+00
   2.0094132e+02  -6.2546478e+01   1.0000000e+00
   2.0066667e+02  -6.2599945e+01   1.0000000e+00
   2.0033333e+02  -6.2663396e+01   1.0000000e+00
   2.0013292e+02  -6.2699757e+01   1.0000000e+00
   2.0000000e+02  -6.2726401e+01   1.0000000e+00
   1.9966667e+02  -6.2786046e+01   1.0000000e+00
   1.9933333e+02  -6.2845259e+01   1.0000000e+00
   1.9929508e+02  -6.2852249e+01   1.0000000e+00
   1.9900000e+02  -6.2901602e+01   1.0000000e+00
   1.9866667e+02  -6.2957966e+01   1.0000000e+00
   1.9836154e+02  -6.3003952e+01   1.0000000e+00
   1.9833333e+02  -6.3008561e+01   1.0000000e+00
   1.9800000e+02  -6.3057881e+01   1.0000000e+00
   1.9766667e+02  -6.3107430e+01   1.0000000e+00
   1.9735568e+02  -6.3154869e+01   1.0000000e+00
   1.9733333e+02  -6.3158446e+01   1.0000000e+00
   1.9700000e+02  -6.3215625e+01   1.0000000e+00
   1.9666667e+02  -6.3272214e+01   1.0000000e+00
   1.9646683e+02  -6.3305004e+01   1.0000000e+00
   1.9633333e+02  -6.3327601e+01   1.0000000e+00
   1.9600000e+02  -6.3381354e+01   1.0000000e+00
   1.9566667e+02  -6.3429580e+01   1.0000000e+00
   1.9547211e+02  -6.3454365e+01   1.0000000e+00
   1.9533333e+02  -6.3471627e+01   1.0000000e+00
   1.9500000e+02  -6.3507389e+01   1.0000000e+00
   1.9466667e+02  -6.3542129e+01   1.0000000e+00
   1.9433333e+02  -6.3574818e+01   1.0000000e+00
   1.9403987e+02  -6.3602947e+01   1.0000000e+00
   1.9400000e+02  -6.3606719e+01   1.0000000e+00
   1.9366667e+02  -6.3634217e+01   1.0000000e+00
   1.9333333e+02  -6.3661229e+01   1.0000000e+00
   1.9300000e+02  -6.3689742e+01   1.0000000e+00
   1.9266667e+02  -6.3711164e+01   1.0000000e+00
   1.9233333e+02  -6.3735965e+01   1.0000000e+00
   1.9217694e+02  -6.3750755e+01   1.0000000e+00
   1.9200000e+02  -6.3767329e+01   1.0000000e+00
   1.9166667e+02  -6.3799446e+01   1.0000000e+00
   1.9133333e+02  -6.3829487e+01   1.0000000e+00
   1.9100000e+02  -6.3861416e+01   1.0000000e+00
   1.9066667e+02  -6.3893992e+01   1.0000000e+00
   1.9062927e+02  -6.3897800e+01   1.0000000e+00
   1.9033333e+02  -6.3930536e+01   1.0000000e+00
   1.9000000e+02  -6.3965129e+01   1.0000000e+00
   1.8966667e+02  -6.3998280e+01   1.0000000e+00
   1.8933333e+02  -6.4025063e+01   1.0000000e+00
   1.8905481e+02  -6.4044075e+01   1.0000000e+00
   1.8900000e+02  -6.4048075e+01   1.0000000e+00
   1.8866667e+02  -6.4074269e+01   1.0000000e+00
   1.8833333e+02  -6.4107246e+01   1.0000000e+00
   1.8800000e+02  -6.4147912e+01   1.0000000e+00
   1.8772138e+02  -6.4189583e+01   1.0000000e+00
   1.8766667e+02  -6.4197272e+01   1.0000000e+00
   1.8733333e+02  -6.4250919e+01   1.0000000e+00
   1.8700000e+02  -6.4312253e+01   1.0000000e+00
   1.8687709e+02  -6.4334335e+01   1.0000000e+00
   1.8666667e+02  -6.4371353e+01   1.0000000e+00
   1.8633333e+02  -6.4426296e+01   1.0000000e+00
   1.8600591e+02  -6.4478333e+01   1.0000000e+00
   1.8600000e+02  -6.4479473e+01   1.0000000e+00
   1.8566667e+02  -6.4539539e+01   1.0000000e+00
   1.8533333e+02  -6.4602717e+01   1.0000000e+00
   1.8522467e+02  -6.4621574e+01   1.0000000e+00
   1.8500000e+02  -6.4655486e+01   1.0000000e+00
   1.8466667e+02  -6.4699895e+01   1.0000000e+00
   1.8433333e+02  -6.4747677e+01   1.0000000e+00
   1.8422079e+02  -6.4764061e+01   1.0000000e+00
   1.8400000e+02  -6.4792308e+01   1.0000000e+00
   1.8366667e+02  -6.4831652e+01   1.0000000e+00
   1.8333333e+02  -6.4870821e+01   1.0000000e+00
   1.8305039e+02  -6.4905807e+01   1.0000000e+00
   1.8300000e+02  -6.4912654e+01   1.0000000e+00
   1.8266667e+02  -6.4956636e+01   1.0000000e+00
   1.8233333e+02  -6.4994075e+01   1.0000000e+00
   1.8200000e+02  -6.5025692e+01   1.0000000e+00
   1.8167487e+02  -6.5046806e+01   1.0000000e+00
   1.8166667e+02  -6.5047099e+01   1.0000000e+00
   1.8133333e+02  -6.5050944e+01   1.0000000e+00
   1.8100000e+02  -6.5052623e+01   1.0000000e+00
   1.8066667e+02  -6.5049751e+01   1.0000000e+00
   1.8051925e+02  -6.5046806e+01   1.0000000e+00
   1.8033333e+02  -6.5043618e+01   1.0000000e+00
   1.8000000e+02  -6.5037173e+01   1.0000000e+00
   1.7966667e+02  -6.5024356e+01   1.0000000e+00
   1.7933333e+02  -6.5012637e+01   1.0000000e+00
   1.7900000e+02  -6.5003675e+01   1.0000000e+00
   1.7866667e+02  -6.4982630e+01   1.0000000e+00
   1.7833333e+02  -6.4951482e+01   1.0000000e+00
   1.7800000e+02  -6.4912817e+01   1.0000000e+00
   1.7794616e+02  -6.4905807e+01   1.0000000e+00
   1.7766667e+02  -6.4875979e+01   1.0000000e+00
   1.7733333e+02  -6.4832442e+01   1.0000000e+00
   1.7700000e+02  -6.4780902e+01   1.0000000e+00
   1.7688528e+02  -6.4764061e+01   1.0000000e+00
   1.7666667e+02  -6.4725816e+01   1.0000000e+00
   1.7633333e+02  -6.4662618e+01   1.0000000e+00
   1.7616222e+02  -6.4621574e+01   1.0000000e+00
   1.7600000e+02  -6.4573738e+01   1.0000000e+00
   1.7574562e+02  -6.4478333e+01   1.0000000e+00
   1.7566667e+02  -6.4458594e+01   1.0000000e+00
   1.7533333e+02  -6.4371229e+01   1.0000000e+00
   1.7520509e+02  -6.4334335e+01   1.0000000e+00
   1.7500000e+02  -6.4285173e+01   1.0000000e+00
   1.7466667e+02  -6.4199570e+01   1.0000000e+00
   1.7463097e+02  -6.4189583e+01   1.0000000e+00
   1.7433333e+02  -6.4107625e+01   1.0000000e+00
   1.7413921e+02  -6.4044075e+01   1.0000000e+00
   1.7400000e+02  -6.4004669e+01   1.0000000e+00
   1.7366667e+02  -6.3908139e+01   1.0000000e+00
   1.7363002e+02  -6.3897800e+01   1.0000000e+00
   1.7333333e+02  -6.3810925e+01   1.0000000e+00
   1.7314125e+02  -6.3750755e+01   1.0000000e+00
   1.7300000e+02  -6.3702425e+01   1.0000000e+00
   1.7271903e+02  -6.3602947e+01   1.0000000e+00
   1.7266667e+02  -6.3585882e+01   1.0000000e+00
   1.7233333e+02  -6.3479404e+01   1.0000000e+00
   1.7226419e+02  -6.3454365e+01   1.0000000e+00
   1.7200000e+02  -6.3370779e+01   1.0000000e+00
   1.7176926e+02  -6.3305004e+01   1.0000000e+00
   1.7166667e+02  -6.3273577e+01   1.0000000e+00
   1.7133333e+02  -6.3174173e+01   1.0000000e+00
   1.7126558e+02  -6.3154869e+01   1.0000000e+00
   1.7100000e+02  -6.3073650e+01   1.0000000e+00
   1.7078134e+02  -6.3003952e+01   1.0000000e+00
   1.7066667e+02  -6.2972026e+01   1.0000000e+00
   1.7033333e+02  -6.2884465e+01   1.0000000e+00
   1.7020039e+02  -6.2852249e+01   1.0000000e+00
   1.7000000e+02  -6.2802090e+01   1.0000000e+00
   1.6966667e+02  -6.2717385e+01   1.0000000e+00
   1.6960187e+02  -6.2699757e+01   1.0000000e+00
   1.6933333e+02  -6.2619241e+01   1.0000000e+00
   1.6909864e+02  -6.2546478e+01   1.0000000e+00
   1.6900000e+02  -6.2518585e+01   1.0000000e+00
   1.6866667e+02  -6.2419024e+01   1.0000000e+00
   1.6846197e+02  -6.2392406e+01   1.0000000e+00
   1.6833333e+02  -6.2364151e+01   1.0000000e+00
   1.6800000e+02  -6.2299291e+01   1.0000000e+00
   1.6771598e+02  -6.2237534e+01   1.0000000e+00
   1.6766667e+02  -6.2226664e+01   1.0000000e+00
   1.6733333e+02  -6.2158375e+01   1.0000000e+00
   1.6700000e+02  -6.2089968e+01   1.0000000e+00
   1.6695904e+02  -6.2081867e+01   1.0000000e+00
   1.6666667e+02  -6.2022966e+01   1.0000000e+00
   1.6633333e+02  -6.1953465e+01   1.0000000e+00
   1.6619718e+02  -6.1925392e+01   1.0000000e+00
   1.6600000e+02  -6.1886907e+01   1.0000000e+00
   1.6566667e+02  -6.1818071e+01   1.0000000e+00
   1.6543007e+02  -6.1768116e+01   1.0000000e+00
   1.6533333e+02  -6.1746787e+01   1.0000000e+00
   1.6500000e+02  -6.1677862e+01   1.0000000e+00
   1.6469362e+02  -6.1610031e+01   1.0000000e+00
   1.6466667e+02  -6.1603643e+01   1.0000000e+00
   1.6433333e+02  -6.1523242e+01   1.0000000e+00
   1.6406899e+02  -6.1451138e+01   1.0000000e+00
   1.6400000e+02  -6.1433402e+01   1.0000000e+00
   1.6366667e+02  -6.1354233e+01   1.0000000e+00
   1.6338396e+02  -6.1291428e+01   1.0000000e+00
   1.6333333e+02  -6.1280263e+01   1.0000000e+00
   1.6300000e+02  -6.1214244e+01   1.0000000e+00
   1.6266667e+02  -6.1149641e+01   1.0000000e+00
   1.6255015e+02  -6.1130898e+01   1.0000000e+00
   1.6233333e+02  -6.1096004e+01   1.0000000e+00
   1.6200000e+02  -6.1056555e+01   1.0000000e+00
   1.6166667e+02  -6.1029525e+01   1.0000000e+00
   1.6133333e+02  -6.0990605e+01   1.0000000e+00
   1.6122493e+02  -6.0969551e+01   1.0000000e+00
   1.6100000e+02  -6.0919986e+01   1.0000000e+00
   1.6066667e+02  -6.0825967e+01   1.0000000e+00
   1.6059921e+02  -6.0807381e+01   1.0000000e+00
   1.6033333e+02  -6.0736262e+01   1.0000000e+00
   1.6000000e+02  -6.0669222e+01   1.0000000e+00
   1.5983670e+02  -6.0644386e+01   1.0000000e+00
   1.5966667e+02  -6.0617313e+01   1.0000000e+00
   1.5933333e+02  -6.0571012e+01   1.0000000e+00
   1.5900000e+02  -6.0520179e+01   1.0000000e+00
   1.5878464e+02  -6.0480560e+01   1.0000000e+00
   1.5866667e+02  -6.0456864e+01   1.0000000e+00
   1.5833333e+02  -6.0387874e+01   1.0000000e+00
   1.5800000e+02  -6.0323195e+01   1.0000000e+00
   1.5794355e+02  -6.0315907e+01   1.0000000e+00
   1.5766667e+02  -6.0284343e+01   1.0000000e+00
   1.5733333e+02  -6.0256252e+01   1.0000000e+00
   1.5700000e+02  -6.0232337e+01   1.0000000e+00
   1.5666667e+02  -6.0210921e+01   1.0000000e+00
   1.5633333e+02  -6.0189608e+01   1.0000000e+00
   1.5600000e+02  -6.0170656e+01   1.0000000e+00
   1.5576832e+02  -6.0150417e+01   1.0000000e+00
   1.5566667e+02  -6.0142061e+01   1.0000000e+00
   1.5533333e+02  -6.0094207e+01   1.0000000e+00
   1.5500000e+02  -6.0019867e+01   1.0000000e+00
   1.5487254e+02  -5.9984089e+01   1.0000000e+00
   1.5466667e+02  -5.9940826e+01   1.0000000e+00
   1.5433333e+02  -5.9866460e+01   1.0000000e+00
   1.5411689e+02  -5.9816921e+01   1.0000000e+00
   1.5400000e+02  -5.9789273e+01   1.0000000e+00
   1.5366667e+02  -5.9717400e+01   1.0000000e+00
   1.5333333e+02  -5.9664403e+01   1.0000000e+00
   1.5318532e+02  -5.9648911e+01   1.0000000e+00
   1.5300000e+02  -5.9631529e+01   1.0000000e+00
   1.5266667e+02  -5.9600840e+01   1.0000000e+00
   1.5233333e+02  -5.9558755e+01   1.0000000e+00
   1.5200000e+02  -5.9501128e+01   1.0000000e+00
   1.5188882e+02  -5.9480057e+01   1.0000000e+00
   1.5166667e+02  -5.9445281e+01   1.0000000e+00
   1.5133333e+02  -5.9392646e+01   1.0000000e+00
   1.5100000e+02  -5.9341092e+01   1.0000000e+00
   1.5069493e+02  -5.9310352e+01   1.0000000e+00
   1.5066667e+02  -5.9307439e+01   1.0000000e+00
   1.5033333e+02  -5.9293182e+01   1.0000000e+00
   1.5000000e+02  -5.9299940e+01   1.0000000e+00
   1.4990136e+02  -5.9310352e+01   1.0000000e+00
   1.4966667e+02  -5.9337716e+01   1.0000000e+00
   1.4933333e+02  -5.9401732e+01   1.0000000e+00
   1.4907810e+02  -5.9480057e+01   1.0000000e+00
   1.4900000e+02  -5.9526504e+01   1.0000000e+00
   1.4886401e+02  -5.9648911e+01   1.0000000e+00
   1.4874503e+02  -5.9816921e+01   1.0000000e+00
   1.4866667e+02  -5.9944319e+01   1.0000000e+00
   1.4864266e+02  -5.9984089e+01   1.0000000e+00
   1.4857977e+02  -6.0150417e+01   1.0000000e+00
   1.4844692e+02  -6.0315907e+01   1.0000000e+00
   1.4833333e+02  -6.0407415e+01   1.0000000e+00
   1.4824554e+02  -6.0480560e+01   1.0000000e+00
   1.4807885e+02  -6.0644386e+01   1.0000000e+00
   1.4800000e+02  -6.0723201e+01   1.0000000e+00
   1.4793543e+02  -6.0807381e+01   1.0000000e+00
   1.4783911e+02  -6.0969551e+01   1.0000000e+00
   1.4780003e+02  -6.1130898e+01   1.0000000e+00
   1.4781294e+02  -6.1291428e+01   1.0000000e+00
   1.4787154e+02  -6.1451138e+01   1.0000000e+00
   1.4792803e+02  -6.1610031e+01   1.0000000e+00
   1.4797964e+02  -6.1768116e+01   1.0000000e+00
   1.4800000e+02  -6.1836624e+01   1.0000000e+00
   1.4802773e+02  -6.1925392e+01   1.0000000e+00
   1.4803424e+02  -6.2081867e+01   1.0000000e+00
   1.4800000e+02  -6.2212436e+01   1.0000000e+00
   1.4799274e+02  -6.2237534e+01   1.0000000e+00
   1.4792075e+02  -6.2392406e+01   1.0000000e+00
   1.4772112e+02  -6.2546478e+01   1.0000000e+00
   1.4766667e+02  -6.2565780e+01   1.0000000e+00
   1.4733333e+02  -6.2660704e+01   1.0000000e+00
   1.4714491e+02  -6.2699757e+01   1.0000000e+00
   1.4700000e+02  -6.2725732e+01   1.0000000e+00
   1.4666667e+02  -6.2776217e+01   1.0000000e+00
   1.4633333e+02  -6.2823272e+01   1.0000000e+00
   1.4603023e+02  -6.2852249e+01   1.0000000e+00
   1.4600000e+02  -6.2855194e+01   1.0000000e+00
   1.4590736e+02  -6.2852249e+01   1.0000000e+00
   1.4566667e+02  -6.2841947e+01   1.0000000e+00
   1.4533333e+02  -6.2800961e+01   1.0000000e+00
   1.4500000e+02  -6.2765374e+01   1.0000000e+00
   1.4466667e+02  -6.2741895e+01   1.0000000e+00
   1.4433333e+02  -6.2732952e+01   1.0000000e+00
   1.4400000e+02  -6.2701324e+01   1.0000000e+00
   1.4399164e+02  -6.2699757e+01   1.0000000e+00
   1.4366667e+02  -6.2644464e+01   1.0000000e+00
   1.4333333e+02  -6.2594071e+01   1.0000000e+00
   1.4305153e+02  -6.2546478e+01   1.0000000e+00
   1.4300000e+02  -6.2539685e+01   1.0000000e+00
   1.4266667e+02  -6.2477703e+01   1.0000000e+00
   1.4233333e+02  -6.2416756e+01   1.0000000e+00
   1.4218009e+02  -6.2392406e+01   1.0000000e+00
   1.4200000e+02  -6.2369240e+01   1.0000000e+00
   1.4166667e+02  -6.2333053e+01   1.0000000e+00
   1.4133333e+02  -6.2302278e+01   1.0000000e+00
   1.4100000e+02  -6.2267632e+01   1.0000000e+00
   1.4079689e+02  -6.2237534e+01   1.0000000e+00
   1.4066667e+02  -6.2220606e+01   1.0000000e+00
   1.4033333e+02  -6.2177402e+01   1.0000000e+00
   1.4000000e+02  -6.2147209e+01   1.0000000e+00
   1.3966667e+02  -6.2129098e+01   1.0000000e+00
   1.3933333e+02  -6.2106412e+01   1.0000000e+00
   1.3910577e+02  -6.2081867e+01   1.0000000e+00
   1.3900000e+02  -6.2072039e+01   1.0000000e+00
   1.3866667e+02  -6.2037338e+01   1.0000000e+00
   1.3833333e+02  -6.2007790e+01   1.0000000e+00
   1.3800000e+02  -6.1988385e+01   1.0000000e+00
   1.3766667e+02  -6.1978910e+01   1.0000000e+00
   1.3733333e+02  -6.1962211e+01   1.0000000e+00
   1.3700000e+02  -6.1940102e+01   1.0000000e+00
   1.3666667e+02  -6.1929522e+01   1.0000000e+00
   1.3633333e+02  -6.1936697e+01   1.0000000e+00
   1.3600000e+02  -6.1960969e+01   1.0000000e+00
   1.3566667e+02  -6.1997207e+01   1.0000000e+00
   1.3533333e+02  -6.2025915e+01   1.0000000e+00
   1.3500000e+02  -6.2053251e+01   1.0000000e+00
   1.3474943e+02  -6.2081867e+01   1.0000000e+00
   1.3466667e+02  -6.2091869e+01   1.0000000e+00
   1.3433333e+02  -6.2133556e+01   1.0000000e+00
   1.3400000e+02  -6.2161219e+01   1.0000000e+00
   1.3366667e+02  -6.2161093e+01   1.0000000e+00
   1.3333333e+02  -6.2129066e+01   1.0000000e+00
   1.3300000e+02  -6.2089310e+01   1.0000000e+00
   1.3288380e+02  -6.2081867e+01   1.0000000e+00
   1.3266667e+02  -6.2070170e+01   1.0000000e+00
   1.3233333e+02  -6.2075513e+01   1.0000000e+00
   1.3220499e+02  -6.2081867e+01   1.0000000e+00
   1.3200000e+02  -6.2093438e+01   1.0000000e+00
   1.3166667e+02  -6.2105351e+01   1.0000000e+00
   1.3133333e+02  -6.2109045e+01   1.0000000e+00
   1.3100000e+02  -6.2109237e+01   1.0000000e+00
   1.3066667e+02  -6.2103053e+01   1.0000000e+00
   1.3033333e+02  -6.2089011e+01   1.0000000e+00
   1.3017570e+02  -6.2081867e+01   1.0000000e+00
   1.3000000e+02  -6.2073980e+01   1.0000000e+00
   1.2966667e+02  -6.2067819e+01   1.0000000e+00
   1.2933333e+02  -6.2075478e+01   1.0000000e+00
   1.2911978e+02  -6.2081867e+01   1.0000000e+00
   1.2900000e+02  -6.2086285e+01   1.0000000e+00
   1.2866667e+02  -6.2082855e+01   1.0000000e+00
   1.2864299e+02  -6.2081867e+01   1.0000000e+00
   1.2833333e+02  -6.2070565e+01   1.0000000e+00
   1.2800000e+02  -6.2052286e+01   1.0000000e+00
   1.2766666e+02  -6.2024733e+01   1.0000000e+00
   1.2733334e+02  -6.1993200e+01   1.0000000e+00
   1.2700000e+02  -6.1965001e+01   1.0000000e+00
   1.2666666e+02  -6.1936973e+01   1.0000000e+00
   1.2653540e+02  -6.1925392e+01   1.0000000e+00
   1.2633334e+02  -6.1903727e+01   1.0000000e+00
   1.2600000e+02  -6.1860288e+01   1.0000000e+00
   1.2566666e+02  -6.1802459e+01   1.0000000e+00
   1.2551097e+02  -6.1768116e+01   1.0000000e+00
   1.2533334e+02  -6.1725359e+01   1.0000000e+00
   1.2500000e+02  -6.1645611e+01   1.0000000e+00
   1.2483910e+02  -6.1610031e+01   1.0000000e+00
   1.2466666e+02  -6.1571640e+01   1.0000000e+00
   1.2433334e+02  -6.1496841e+01   1.0000000e+00
   1.2414683e+02  -6.1451138e+01   1.0000000e+00
   1.2400000e+02  -6.1403179e+01   1.0000000e+00
   1.2368605e+02  -6.1291428e+01   1.0000000e+00
   1.2366666e+02  -6.1281711e+01   1.0000000e+00
   1.2334161e+02  -6.1130898e+01   1.0000000e+00
   1.2333334e+02  -6.1127363e+01   1.0000000e+00
   1.2300000e+02  -6.1016913e+01   1.0000000e+00
   1.2281377e+02  -6.0969551e+01   1.0000000e+00
   1.2266666e+02  -6.0930561e+01   1.0000000e+00
   1.2233334e+02  -6.0849815e+01   1.0000000e+00
   1.2211517e+02  -6.0807381e+01   1.0000000e+00
   1.2200000e+02  -6.0790045e+01   1.0000000e+00
   1.2166666e+02  -6.0764970e+01   1.0000000e+00
   1.2133334e+02  -6.0759179e+01   1.0000000e+00
   1.2100000e+02  -6.0764905e+01   1.0000000e+00
   1.2066666e+02  -6.0778640e+01   1.0000000e+00
   1.2033334e+02  -6.0793473e+01   1.0000000e+00
   1.2000000e+02  -6.0803910e+01   1.0000000e+00
   1.1975655e+02  -6.0807381e+01   1.0000000e+00
   1.1966666e+02  -6.0808794e+01   1.0000000e+00
   1.1933334e+02  -6.0812559e+01   1.0000000e+00
   1.1900000e+02  -6.0819678e+01   1.0000000e+00
   1.1866666e+02  -6.0826986e+01   1.0000000e+00
   1.1833334e+02  -6.0827527e+01   1.0000000e+00
   1.1800000e+02  -6.0822327e+01   1.0000000e+00
   1.1766666e+02  -6.0815843e+01   1.0000000e+00
   1.1733334e+02  -6.0819822e+01   1.0000000e+00
   1.1700000e+02  -6.0837617e+01   1.0000000e+00
   1.1666666e+02  -6.0849619e+01   1.0000000e+00
   1.1633334e+02  -6.0842027e+01   1.0000000e+00
   1.1601533e+02  -6.0807381e+01   1.0000000e+00
   1.1600000e+02  -6.0805821e+01   1.0000000e+00
   1.1566666e+02  -6.0744764e+01   1.0000000e+00
   1.1533334e+02  -6.0686604e+01   1.0000000e+00
   1.1505709e+02  -6.0644386e+01   1.0000000e+00
   1.1500000e+02  -6.0634079e+01   1.0000000e+00
   1.1466666e+02  -6.0575191e+01   1.0000000e+00
   1.1433334e+02  -6.0526825e+01   1.0000000e+00
   1.1401016e+02  -6.0480560e+01   1.0000000e+00
   1.1400000e+02  -6.0478751e+01   1.0000000e+00
   1.1366666e+02  -6.0396676e+01   1.0000000e+00
   1.1339970e+02  -6.0315907e+01   1.0000000e+00
   1.1333334e+02  -6.0297195e+01   1.0000000e+00
   1.1300000e+02  -6.0214965e+01   1.0000000e+00
   1.1267228e+02  -6.0150417e+01   1.0000000e+00
   1.1266666e+02  -6.0149455e+01   1.0000000e+00
   1.1233334e+02  -6.0093696e+01   1.0000000e+00
   1.1200000e+02  -6.0036801e+01   1.0000000e+00
   1.1170391e+02  -5.9984089e+01   1.0000000e+00
   1.1166666e+02  -5.9974973e+01   1.0000000e+00
   1.1133334e+02  -5.9885686e+01   1.0000000e+00
   1.1110907e+02  -5.9816921e+01   1.0000000e+00
   1.1100000e+02  -5.9771481e+01   1.0000000e+00
   1.1066666e+02  -5.9672278e+01   1.0000000e+00
   1.1051485e+02  -5.9648911e+01   1.0000000e+00
   1.1033334e+02  -5.9627659e+01   1.0000000e+00
   1.1000000e+02  -5.9611763e+01   1.0000000e+00
   1.0966666e+02  -5.9591645e+01   1.0000000e+00
   1.0933334e+02  -5.9520353e+01   1.0000000e+00
   1.0921614e+02  -5.9480057e+01   1.0000000e+00
   1.0900000e+02  -5.9400602e+01   1.0000000e+00
   1.0874181e+02  -5.9310352e+01   1.0000000e+00
   1.0866666e+02  -5.9278835e+01   1.0000000e+00
   1.0833334e+02  -5.9156636e+01   1.0000000e+00
   1.0825741e+02  -5.9139797e+01   1.0000000e+00
   1.0800000e+02  -5.9072060e+01   1.0000000e+00
   1.0766666e+02  -5.9068846e+01   1.0000000e+00
   1.0733334e+02  -5.9086159e+01   1.0000000e+00
   1.0700000e+02  -5.9081765e+01   1.0000000e+00
   1.0666666e+02  -5.9033593e+01   1.0000000e+00
   1.0645886e+02  -5.8968388e+01   1.0000000e+00
   1.0633334e+02  -5.8920990e+01   1.0000000e+00
   1.0611990e+02  -5.8796120e+01   1.0000000e+00
   1.0600000e+02  -5.8688088e+01   1.0000000e+00
   1.0593760e+02  -5.8622997e+01   1.0000000e+00
   1.0579440e+02  -5.8449009e+01   1.0000000e+00
   1.0566666e+02  -5.8309940e+01   1.0000000e+00
   1.0560414e+02  -5.8274158e+01   1.0000000e+00
   1.0533334e+02  -5.8143794e+01   1.0000000e+00
   1.0500000e+02  -5.8149308e+01   1.0000000e+00
   1.0466666e+02  -5.8196659e+01   1.0000000e+00
   1.0433334e+02  -5.8242348e+01   1.0000000e+00
   1.0407577e+02  -5.8274158e+01   1.0000000e+00
   1.0400000e+02  -5.8283800e+01   1.0000000e+00
   1.0366666e+02  -5.8311355e+01   1.0000000e+00
   1.0333334e+02  -5.8301064e+01   1.0000000e+00
   1.0303009e+02  -5.8274158e+01   1.0000000e+00
   1.0300000e+02  -5.8270903e+01   1.0000000e+00
   1.0296580e+02  -5.8274158e+01   1.0000000e+00
   1.0266666e+02  -5.8316931e+01   1.0000000e+00
   1.0242954e+02  -5.8449009e+01   1.0000000e+00
   1.0233334e+02  -5.8511217e+01   1.0000000e+00
   1.0201298e+02  -5.8622997e+01   1.0000000e+00
   1.0200000e+02  -5.8626211e+01   1.0000000e+00
   1.0198014e+02  -5.8622997e+01   1.0000000e+00
   1.0166666e+02  -5.8576340e+01   1.0000000e+00
   1.0133334e+02  -5.8501527e+01   1.0000000e+00
   1.0100000e+02  -5.8461307e+01   1.0000000e+00
   1.0086489e+02  -5.8449009e+01   1.0000000e+00
   1.0066666e+02  -5.8428888e+01   1.0000000e+00
   1.0033334e+02  -5.8395488e+01   1.0000000e+00
   1.0000000e+02  -5.8369160e+01   1.0000000e+00
   9.9666664e+01  -5.8354365e+01   1.0000000e+00
   9.9333336e+01  -5.8341632e+01   1.0000000e+00
   9.9000000e+01  -5.8299641e+01   1.0000000e+00
   9.8870775e+01  -5.8274158e+01   1.0000000e+00
   9.8666664e+01  -5.8238334e+01   1.0000000e+00
   9.8333336e+01  -5.8171766e+01   1.0000000e+00
   9.8010686e+01  -5.8098438e+01   1.0000000e+00
   9.8000000e+01  -5.8095733e+01   1.0000000e+00
   9.7666664e+01  -5.7998219e+01   1.0000000e+00
   9.7343769e+01  -5.7921848e+01   1.0000000e+00
   9.7333336e+01  -5.7919709e+01   1.0000000e+00
   9.7000000e+01  -5.7880828e+01   1.0000000e+00
   9.6666664e+01  -5.7883084e+01   1.0000000e+00
   9.6333336e+01  -5.7903090e+01   1.0000000e+00
   9.6000000e+01  -5.7917097e+01   1.0000000e+00
   9.5898366e+01  -5.7921848e+01   1.0000000e+00
   9.5666664e+01  -5.7934068e+01   1.0000000e+00
   9.5333336e+01  -5.7973207e+01   1.0000000e+00
   9.5000000e+01  -5.8020338e+01   1.0000000e+00
   9.4666664e+01  -5.8069413e+01   1.0000000e+00
   9.4535867e+01  -5.8098438e+01   1.0000000e+00
   9.4333336e+01  -5.8141481e+01   1.0000000e+00
   9.4000000e+01  -5.8226831e+01   1.0000000e+00
   9.3749539e+01  -5.8274158e+01   1.0000000e+00
   9.3666664e+01  -5.8288623e+01   1.0000000e+00
   9.3333336e+01  -5.8331283e+01   1.0000000e+00
   9.3000000e+01  -5.8384692e+01   1.0000000e+00
   9.2734246e+01  -5.8449009e+01   1.0000000e+00
   9.2666664e+01  -5.8465164e+01   1.0000000e+00
   9.2333336e+01  -5.8547879e+01   1.0000000e+00
   9.2000000e+01  -5.8605542e+01   1.0000000e+00
   9.1807142e+01  -5.8622997e+01   1.0000000e+00
   9.1666664e+01  -5.8640894e+01   1.0000000e+00
   9.1333336e+01  -5.8740710e+01   1.0000000e+00
   9.1264315e+01  -5.8796120e+01   1.0000000e+00
   9.1045648e+01  -5.8968388e+01   1.0000000e+00
   9.1000000e+01  -5.8987778e+01   1.0000000e+00
   9.0666664e+01  -5.9086742e+01   1.0000000e+00
   9.0388908e+01  -5.9139797e+01   1.0000000e+00
   9.0333336e+01  -5.9149131e+01   1.0000000e+00
   9.0000000e+01  -5.9204120e+01   1.0000000e+00
   8.9666664e+01  -5.9270460e+01   1.0000000e+00
   8.9467567e+01  -5.9310352e+01   1.0000000e+00
   8.9333336e+01  -5.9331706e+01   1.0000000e+00
   8.9000000e+01  -5.9336418e+01   1.0000000e+00
   8.8851972e+01  -5.9310352e+01   1.0000000e+00
   8.8666664e+01  -5.9268520e+01   1.0000000e+00
   8.8333336e+01  -5.9175861e+01   1.0000000e+00
   8.8201974e+01  -5.9139797e+01   1.0000000e+00
   8.8000000e+01  -5.9069256e+01   1.0000000e+00
   8.7803652e+01  -5.8968388e+01   1.0000000e+00
   8.7666664e+01  -5.8863992e+01   1.0000000e+00
   8.7577777e+01  -5.8796120e+01   1.0000000e+00
   8.7333336e+01  -5.8637975e+01   1.0000000e+00
   8.7280272e+01  -5.8622997e+01   1.0000000e+00
   8.7000000e+01  -5.8572132e+01   1.0000000e+00
   8.6666664e+01  -5.8516978e+01   1.0000000e+00
   8.6398300e+01  -5.8449009e+01   1.0000000e+00
   8.6333336e+01  -5.8426706e+01   1.0000000e+00
   8.6021340e+01  -5.8274158e+01   1.0000000e+00
   8.6000000e+01  -5.8256510e+01   1.0000000e+00
   8.5836755e+01  -5.8098438e+01   1.0000000e+00
   8.5682566e+01  -5.7921848e+01   1.0000000e+00
   8.5666664e+01  -5.7906700e+01   1.0000000e+00
   8.5491991e+01  -5.7744385e+01   1.0000000e+00
   8.5333336e+01  -5.7589863e+01   1.0000000e+00
   8.5305712e+01  -5.7566048e+01   1.0000000e+00
   8.5086941e+01  -5.7386833e+01   1.0000000e+00
   8.5000000e+01  -5.7326395e+01   1.0000000e+00
   8.4853608e+01  -5.7206738e+01   1.0000000e+00
   8.4666664e+01  -5.7093156e+01   1.0000000e+00
   8.4546641e+01  -5.7025761e+01   1.0000000e+00
   8.4333336e+01  -5.6913371e+01   1.0000000e+00
   8.4214556e+01  -5.6843895e+01   1.0000000e+00
   8.4000000e+01  -5.6667715e+01   1.0000000e+00
   8.3993752e+01  -5.6661144e+01   1.0000000e+00
   8.3849987e+01  -5.6477505e+01   1.0000000e+00
   8.3714723e+01  -5.6292969e+01   1.0000000e+00
   8.3666664e+01  -5.6236807e+01   1.0000000e+00
   8.3540711e+01  -5.6107536e+01   1.0000000e+00
   8.3340460e+01  -5.5921211e+01   1.0000000e+00
   8.3333336e+01  -5.5913410e+01   1.0000000e+00
   8.3151807e+01  -5.5733982e+01   1.0000000e+00
   8.3000000e+01  -5.5546774e+01   1.0000000e+00
   8.2999006e+01  -5.5545853e+01   1.0000000e+00
   8.2765452e+01  -5.5356815e+01   1.0000000e+00
   8.2666664e+01  -5.5281888e+01   1.0000000e+00
   8.2494567e+01  -5.5166874e+01   1.0000000e+00
   8.2333336e+01  -5.5066196e+01   1.0000000e+00
   8.2165778e+01  -5.4976025e+01   1.0000000e+00
   8.2000000e+01  -5.4893066e+01   1.0000000e+00
   8.1713032e+01  -5.4784260e+01   1.0000000e+00
   8.1666664e+01  -5.4764937e+01   1.0000000e+00
   8.1333336e+01  -5.4635985e+01   1.0000000e+00
   8.1179807e+01  -5.4591587e+01   1.0000000e+00
   8.1000000e+01  -5.4542747e+01   1.0000000e+00
   8.0666664e+01  -5.4536412e+01   1.0000000e+00
   8.0333336e+01  -5.4570229e+01   1.0000000e+00
   8.0213082e+01  -5.4591587e+01   1.0000000e+00
   8.0000000e+01  -5.4628964e+01   1.0000000e+00
   7.9666664e+01  -5.4725504e+01   1.0000000e+00
   7.9450542e+01  -5.4784260e+01   1.0000000e+00
   7.9333336e+01  -5.4817033e+01   1.0000000e+00
   7.9000000e+01  -5.4916977e+01   1.0000000e+00
   7.8879204e+01  -5.4976025e+01   1.0000000e+00
   7.8666664e+01  -5.5094273e+01   1.0000000e+00
   7.8573205e+01  -5.5166874e+01   1.0000000e+00
   7.8333336e+01  -5.5348590e+01   1.0000000e+00
   7.8323917e+01  -5.5356815e+01   1.0000000e+00
   7.8105345e+01  -5.5545853e+01   1.0000000e+00
   7.8000000e+01  -5.5645582e+01   1.0000000e+00
   7.7909964e+01  -5.5733982e+01   1.0000000e+00
   7.7717019e+01  -5.5921211e+01   1.0000000e+00
   7.7666664e+01  -5.5966046e+01   1.0000000e+00
   7.7502742e+01  -5.6107536e+01   1.0000000e+00
   7.7333336e+01  -5.6233471e+01   1.0000000e+00
   7.7252523e+01  -5.6292969e+01   1.0000000e+00
   7.7000000e+01  -5.6476181e+01   1.0000000e+00
   7.6998125e+01  -5.6477505e+01   1.0000000e+00
   7.6768056e+01  -5.6661144e+01   1.0000000e+00
   7.6666664e+01  -5.6757134e+01   1.0000000e+00
   7.6550936e+01  -5.6843895e+01   1.0000000e+00
   7.6349735e+01  -5.7025761e+01   1.0000000e+00
   7.6333336e+01  -5.7044961e+01   1.0000000e+00
   7.6174996e+01  -5.7206738e+01   1.0000000e+00
   7.6025193e+01  -5.7386833e+01   1.0000000e+00
   7.6000000e+01  -5.7423630e+01   1.0000000e+00
   7.5888412e+01  -5.7566048e+01   1.0000000e+00
   7.5766335e+01  -5.7744385e+01   1.0000000e+00
   7.5666664e+01  -5.7889437e+01   1.0000000e+00
   7.5644469e+01  -5.7921848e+01   1.0000000e+00
   7.5347247e+01  -5.8098438e+01   1.0000000e+00
   7.5333336e+01  -5.8105772e+01   1.0000000e+00
   7.5028277e+01  -5.8274158e+01   1.0000000e+00
   7.5000000e+01  -5.8288991e+01   1.0000000e+00
   7.4666664e+01  -5.8296594e+01   1.0000000e+00
   7.4382913e+01  -5.8449009e+01   1.0000000e+00
   7.4333336e+01  -5.8474887e+01   1.0000000e+00
   7.4000000e+01  -5.8479864e+01   1.0000000e+00
   7.3729493e+01  -5.8622997e+01   1.0000000e+00
   7.3666664e+01  -5.8655628e+01   1.0000000e+00
   7.3399587e+01  -5.8796120e+01   1.0000000e+00
   7.3395216e+01  -5.8968388e+01   1.0000000e+00
   7.3333336e+01  -5.9000209e+01   1.0000000e+00
   7.3063009e+01  -5.9139797e+01   1.0000000e+00
   7.3333336e+01  -5.9283531e+01   1.0000000e+00
   7.3385754e+01  -5.9310352e+01   1.0000000e+00
   7.3380354e+01  -5.9480057e+01   1.0000000e+00
   7.3666664e+01  -5.9632033e+01   1.0000000e+00
   7.3699982e+01  -5.9648911e+01   1.0000000e+00
   7.4000000e+01  -5.9807334e+01   1.0000000e+00
   7.4333336e+01  -5.9813219e+01   1.0000000e+00
   7.4524273e+01  -5.9816921e+01   1.0000000e+00
   7.4470128e+01  -5.9984089e+01   1.0000000e+00
   7.4333336e+01  -6.0102333e+01   1.0000000e+00
   7.4272275e+01  -6.0150417e+01   1.0000000e+00
   7.4180947e+01  -6.0315907e+01   1.0000000e+00
   7.4000000e+01  -6.0461111e+01   1.0000000e+00
   7.3969165e+01  -6.0480560e+01   1.0000000e+00
   7.3735381e+01  -6.0644386e+01   1.0000000e+00
   7.3666664e+01  -6.0693691e+01   1.0000000e+00
   7.3513395e+01  -6.0807381e+01   1.0000000e+00
   7.3581110e+01  -6.0969551e+01   1.0000000e+00
   7.3384769e+01  -6.1130898e+01   1.0000000e+00
   7.3333336e+01  -6.1162374e+01   1.0000000e+00
   7.3000000e+01  -6.1279632e+01   1.0000000e+00
   7.2882368e+01  -6.1291428e+01   1.0000000e+00
   7.2666664e+01  -6.1307403e+01   1.0000000e+00
   7.2368471e+01  -6.1291428e+01   1.0000000e+00
   7.2333336e+01  -6.1289700e+01   1.0000000e+00
   7.2325337e+01  -6.1291428e+01   1.0000000e+00
   7.2000000e+01  -6.1358858e+01   1.0000000e+00
   7.1692761e+01  -6.1451138e+01   1.0000000e+00
   7.1666664e+01  -6.1462981e+01   1.0000000e+00
   7.1376791e+01  -6.1610031e+01   1.0000000e+00
   7.1333336e+01  -6.1619786e+01   1.0000000e+00
   7.1000000e+01  -6.1679113e+01   1.0000000e+00
   7.0666664e+01  -6.1730994e+01   1.0000000e+00
   7.0333336e+01  -6.1761801e+01   1.0000000e+00
   7.0191132e+01  -6.1768116e+01   1.0000000e+00
   7.0000000e+01  -6.1776248e+01   1.0000000e+00
   6.9922304e+01  -6.1768116e+01   1.0000000e+00
   6.9666664e+01  -6.1740339e+01   1.0000000e+00
   6.9333336e+01  -6.1756566e+01   1.0000000e+00
   6.9103915e+01  -6.1768116e+01   1.0000000e+00
   6.9000000e+01  -6.1773374e+01   1.0000000e+00
   6.8666664e+01  -6.1792006e+01   1.0000000e+00
   6.8333336e+01  -6.1830355e+01   1.0000000e+00
   6.8000000e+01  -6.1842695e+01   1.0000000e+00
   6.7666664e+01  -6.1844578e+01   1.0000000e+00
   6.7333336e+01  -6.1845705e+01   1.0000000e+00
   6.7000000e+01  -6.1855968e+01   1.0000000e+00
   6.6666664e+01  -6.1855897e+01   1.0000000e+00
   6.6333336e+01  -6.1851699e+01   1.0000000e+00
   6.6000000e+01  -6.1834218e+01   1.0000000e+00
   6.5666664e+01  -6.1778937e+01   1.0000000e+00
   6.5590149e+01  -6.1768116e+01   1.0000000e+00
   6.5333336e+01  -6.1735916e+01   1.0000000e+00
   6.5000000e+01  -6.1708033e+01   1.0000000e+00
   6.4666664e+01  -6.1698345e+01   1.0000000e+00
   6.4333336e+01  -6.1701782e+01   1.0000000e+00
   6.4000000e+01  -6.1695214e+01   1.0000000e+00
   6.3666668e+01  -6.1653817e+01   1.0000000e+00
   6.3365230e+01  -6.1610031e+01   1.0000000e+00
   6.3333332e+01  -6.1604244e+01   1.0000000e+00
   6.3000000e+01  -6.1541331e+01   1.0000000e+00
   6.2725698e+01  -6.1451138e+01   1.0000000e+00
   6.2666668e+01  -6.1427896e+01   1.0000000e+00
   6.2405269e+01  -6.1291428e+01   1.0000000e+00
   6.2333332e+01  -6.1250334e+01   1.0000000e+00
   6.2139492e+01  -6.1130898e+01   1.0000000e+00
   6.2000000e+01  -6.1030066e+01   1.0000000e+00
   6.1919547e+01  -6.0969551e+01   1.0000000e+00
   6.1666668e+01  -6.0847893e+01   1.0000000e+00
   6.1578834e+01  -6.0807381e+01   1.0000000e+00
   6.1333332e+01  -6.0685959e+01   1.0000000e+00
   6.1234329e+01  -6.0644386e+01   1.0000000e+00
   6.1000000e+01  -6.0569281e+01   1.0000000e+00
   6.0666668e+01  -6.0481245e+01   1.0000000e+00
   6.0663705e+01  -6.0480560e+01   1.0000000e+00
   6.0333332e+01  -6.0401676e+01   1.0000000e+00
   6.0000000e+01  -6.0370354e+01   1.0000000e+00
   5.9666668e+01  -6.0358976e+01   1.0000000e+00
   5.9333332e+01  -6.0329017e+01   1.0000000e+00
   5.9252180e+01  -6.0315907e+01   1.0000000e+00
   5.9000000e+01  -6.0280186e+01   1.0000000e+00
   5.8666668e+01  -6.0216156e+01   1.0000000e+00
   5.8376881e+01  -6.0150417e+01   1.0000000e+00
   5.8333332e+01  -6.0139507e+01   1.0000000e+00
   5.8000000e+01  -6.0023466e+01   1.0000000e+00
   5.7908233e+01  -5.9984089e+01   1.0000000e+00
   5.7666668e+01  -5.9871478e+01   1.0000000e+00
   5.7560806e+01  -5.9816921e+01   1.0000000e+00
   5.7353565e+01  -5.9648911e+01   1.0000000e+00
   5.7333332e+01  -5.9627776e+01   1.0000000e+00
   5.7158523e+01  -5.9480057e+01   1.0000000e+00
   5.7000000e+01  -5.9391724e+01   1.0000000e+00
   5.6756646e+01  -5.9310352e+01   1.0000000e+00
   5.6666668e+01  -5.9290364e+01   1.0000000e+00
   5.6333332e+01  -5.9230526e+01   1.0000000e+00
   5.6000000e+01  -5.9176055e+01   1.0000000e+00
   5.5761887e+01  -5.9139797e+01   1.0000000e+00
   5.5666668e+01  -5.9124674e+01   1.0000000e+00
   5.5333332e+01  -5.9048576e+01   1.0000000e+00
   5.5064503e+01  -5.8968388e+01   1.0000000e+00
   5.5000000e+01  -5.8949692e+01   1.0000000e+00
   5.4666668e+01  -5.8836605e+01   1.0000000e+00
   5.4579736e+01  -5.8796120e+01   1.0000000e+00
   5.4338094e+01  -5.8622997e+01   1.0000000e+00
   5.4333332e+01  -5.8617743e+01   1.0000000e+00
   5.4160726e+01  -5.8449009e+01   1.0000000e+00
   5.4000000e+01  -5.8331479e+01   1.0000000e+00
   5.3793387e+01  -5.8274158e+01   1.0000000e+00
   5.3666668e+01  -5.8251402e+01   1.0000000e+00
   5.3333332e+01  -5.8257028e+01   1.0000000e+00
   5.3232949e+01  -5.8274158e+01   1.0000000e+00
   5.3000000e+01  -5.8324621e+01   1.0000000e+00
   5.2666668e+01  -5.8446092e+01   1.0000000e+00
   5.2656989e+01  -5.8449009e+01   1.0000000e+00
   5.2333332e+01  -5.8552633e+01   1.0000000e+00
   5.2000000e+01  -5.8569492e+01   1.0000000e+00
   5.1784977e+01  -5.8449009e+01   1.0000000e+00
   5.1666668e+01  -5.8309048e+01   1.0000000e+00
   5.1652266e+01  -5.8274158e+01   1.0000000e+00
   5.1608611e+01  -5.8098438e+01   1.0000000e+00
   5.1550187e+01  -5.7921848e+01   1.0000000e+00
   5.1392198e+01  -5.7744385e+01   1.0000000e+00
   5.1333332e+01  -5.7697151e+01   1.0000000e+00
   5.1183758e+01  -5.7566048e+01   1.0000000e+00
   5.1000000e+01  -5.7409667e+01   1.0000000e+00
   5.0975079e+01  -5.7386833e+01   1.0000000e+00
   5.0839417e+01  -5.7206738e+01   1.0000000e+00
   5.0723063e+01  -5.7025761e+01   1.0000000e+00
   5.0666668e+01  -5.6981610e+01   1.0000000e+00
   5.0471776e+01  -5.6843895e+01   1.0000000e+00
   5.0333332e+01  -5.6718896e+01   1.0000000e+00
   5.0242692e+01  -5.6661144e+01   1.0000000e+00
   5.0000000e+01  -5.6557637e+01   1.0000000e+00
   4.9666668e+01  -5.6489751e+01   1.0000000e+00
   4.9513491e+01  -5.6477505e+01   1.0000000e+00
   4.9333332e+01  -5.6469148e+01   1.0000000e+00
   4.9215498e+01  -5.6477505e+01   1.0000000e+00
   4.9000000e+01  -5.6521825e+01   1.0000000e+00
   4.8697953e+01  -5.6661144e+01   1.0000000e+00
   4.8666668e+01  -5.6672805e+01   1.0000000e+00
   4.8333332e+01  -5.6690161e+01   1.0000000e+00
   4.8226674e+01  -5.6661144e+01   1.0000000e+00
   4.8000000e+01  -5.6608480e+01   1.0000000e+00
   4.7666668e+01  -5.6508152e+01   1.0000000e+00
   4.7536774e+01  -5.6477505e+01   1.0000000e+00
   4.7333332e+01  -5.6442673e+01   1.0000000e+00
   4.7000000e+01  -5.6402836e+01   1.0000000e+00
   4.6666668e+01  -5.6371842e+01   1.0000000e+00
   4.6333332e+01  -5.6309481e+01   1.0000000e+00
   4.6279719e+01  -5.6292969e+01   1.0000000e+00
   4.6000000e+01  -5.6211371e+01   1.0000000e+00
   4.5684621e+01  -5.6107536e+01   1.0000000e+00
   4.5666668e+01  -5.6101500e+01   1.0000000e+00
   4.5333332e+01  -5.5959954e+01   1.0000000e+00
   4.5236111e+01  -5.5921211e+01   1.0000000e+00
   4.5000000e+01  -5.5833069e+01   1.0000000e+00
   4.4666668e+01  -5.5840227e+01   1.0000000e+00
   4.4360880e+01  -5.5921211e+01   1.0000000e+00
   4.4333332e+01  -5.5933838e+01   1.0000000e+00
   4.4160215e+01  -5.6107536e+01   1.0000000e+00
   4.4085122e+01  -5.6292969e+01   1.0000000e+00
   4.4017973e+01  -5.6477505e+01   1.0000000e+00
   4.4000000e+01  -5.6506958e+01   1.0000000e+00
   4.3883851e+01  -5.6661144e+01   1.0000000e+00
   4.3666668e+01  -5.6794849e+01   1.0000000e+00
   4.3505401e+01  -5.6843895e+01   1.0000000e+00
   4.3333332e+01  -5.6883990e+01   1.0000000e+00
   4.3000000e+01  -5.6964527e+01   1.0000000e+00
   4.2829968e+01  -5.7025761e+01   1.0000000e+00
   4.2666668e+01  -5.7091633e+01   1.0000000e+00
   4.2412668e+01  -5.7206738e+01   1.0000000e+00
   4.2333332e+01  -5.7237532e+01   1.0000000e+00
   4.2000000e+01  -5.7320471e+01   1.0000000e+00
   4.1666668e+01  -5.7360685e+01   1.0000000e+00
   4.1397587e+01  -5.7386833e+01   1.0000000e+00
   4.1333332e+01  -5.7392739e+01   1.0000000e+00
   4.1000000e+01  -5.7442181e+01   1.0000000e+00
   4.0666668e+01  -5.7505941e+01   1.0000000e+00
   4.0405225e+01  -5.7566048e+01   1.0000000e+00
   4.0333332e+01  -5.7582620e+01   1.0000000e+00
   4.0000000e+01  -5.7659102e+01   1.0000000e+00
   3.9666668e+01  -5.7699789e+01   1.0000000e+00
   3.9333332e+01  -5.7690840e+01   1.0000000e+00
   3.9000000e+01  -5.7669289e+01   1.0000000e+00
   3.8666668e+01  -5.7672241e+01   1.0000000e+00
   3.8333332e+01  -5.7690197e+01   1.0000000e+00
   3.8000000e+01  -5.7697088e+01   1.0000000e+00
   3.7666668e+01  -5.7698350e+01   1.0000000e+00
   3.7333332e+01  -5.7721494e+01   1.0000000e+00
   3.7104397e+01  -5.7744385e+01   1.0000000e+00
   3.7000000e+01  -5.7754300e+01   1.0000000e+00
   3.6666668e+01  -5.7770264e+01   1.0000000e+00
   3.6333332e+01  -5.7770118e+01   1.0000000e+00
   3.6000000e+01  -5.7771213e+01   1.0000000e+00
   3.5666668e+01  -5.7789024e+01   1.0000000e+00
   3.5333332e+01  -5.7814705e+01   1.0000000e+00
   3.5000000e+01  -5.7822852e+01   1.0000000e+00
   3.4666668e+01  -5.7811621e+01   1.0000000e+00
   3.4333332e+01  -5.7794566e+01   1.0000000e+00
   3.4000000e+01  -5.7769190e+01   1.0000000e+00
   3.3835134e+01  -5.7744385e+01   1.0000000e+00
   3.3666668e+01  -5.7717476e+01   1.0000000e+00
   3.3333332e+01  -5.7626317e+01   1.0000000e+00
   3.3160741e+01  -5.7566048e+01   1.0000000e+00
   3.3000000e+01  -5.7505964e+01   1.0000000e+00
   3.2666668e+01  -5.7402021e+01   1.0000000e+00
   3.2573239e+01  -5.7386833e+01   1.0000000e+00
   3.2333332e+01  -5.7343957e+01   1.0000000e+00
   3.2000000e+01  -5.7337640e+01   1.0000000e+00
   3.1666666e+01  -5.7331032e+01   1.0000000e+00
   3.1333334e+01  -5.7272989e+01   1.0000000e+00
   3.1173535e+01  -5.7206738e+01   1.0000000e+00
   3.1000000e+01  -5.7126774e+01   1.0000000e+00
   3.0813477e+01  -5.7025761e+01   1.0000000e+00
   3.0666666e+01  -5.6926641e+01   1.0000000e+00
   3.0557886e+01  -5.6843895e+01   1.0000000e+00
   3.0418740e+01  -5.6661144e+01   1.0000000e+00
   3.0343938e+01  -5.6477505e+01   1.0000000e+00
   3.0356469e+01  -5.6292969e+01   1.0000000e+00
   3.0399630e+01  -5.6107536e+01   1.0000000e+00
   3.0413306e+01  -5.5921211e+01   1.0000000e+00
   3.0378865e+01  -5.5733982e+01   1.0000000e+00
   3.0333334e+01  -5.5647365e+01   1.0000000e+00
   3.0215988e+01  -5.5545853e+01   1.0000000e+00
   3.0000000e+01  -5.5429568e+01   1.0000000e+00
   2.9897188e+01  -5.5356815e+01   1.0000000e+00
   2.9666666e+01  -5.5176206e+01   1.0000000e+00
   2.9654670e+01  -5.5166874e+01   1.0000000e+00
   2.9426253e+01  -5.4976025e+01   1.0000000e+00
   2.9333334e+01  -5.4821085e+01   1.0000000e+00
   2.9322656e+01  -5.4784260e+01   1.0000000e+00
   2.9308259e+01  -5.4591587e+01   1.0000000e+00
   2.9235822e+01  -5.4397995e+01   1.0000000e+00
   2.9021062e+01  -5.4203484e+01   1.0000000e+00
   2.9000000e+01  -5.4192214e+01   1.0000000e+00
   2.8666666e+01  -5.4053422e+01   1.0000000e+00
   2.8565021e+01  -5.4008053e+01   1.0000000e+00
   2.8333334e+01  -5.3899862e+01   1.0000000e+00
   2.8202098e+01  -5.3811703e+01   1.0000000e+00
   2.8037492e+01  -5.3614426e+01   1.0000000e+00
   2.8000000e+01  -5.3543853e+01   1.0000000e+00
   2.7939569e+01  -5.3416225e+01   1.0000000e+00
   2.7843898e+01  -5.3217094e+01   1.0000000e+00
   2.7738818e+01  -5.3017033e+01   1.0000000e+00
   2.7666666e+01  -5.2955750e+01   1.0000000e+00
   2.7495448e+01  -5.2816040e+01   1.0000000e+00
   2.7333334e+01  -5.2694463e+01   1.0000000e+00
   2.7238221e+01  -5.2614117e+01   1.0000000e+00
   2.7000000e+01  -5.2445126e+01   1.0000000e+00
   2.6954588e+01  -5.2411255e+01   1.0000000e+00
   2.6666666e+01  -5.2212627e+01   1.0000000e+00
   2.6659563e+01  -5.2207455e+01   1.0000000e+00
   2.6437516e+01  -5.2002716e+01   1.0000000e+00
   2.6333334e+01  -5.1939940e+01   1.0000000e+00
   2.6000000e+01  -5.1850641e+01   1.0000000e+00
   2.5666666e+01  -5.1860817e+01   1.0000000e+00
   2.5333334e+01  -5.1872384e+01   1.0000000e+00
   2.5000000e+01  -5.1852652e+01   1.0000000e+00
   2.4666666e+01  -5.1844577e+01   1.0000000e+00
   2.4333334e+01  -5.1849746e+01   1.0000000e+00
   2.4000000e+01  -5.1867601e+01   1.0000000e+00
   2.3666666e+01  -5.1895102e+01   1.0000000e+00
   2.3333334e+01  -5.1917327e+01   1.0000000e+00
   2.3000000e+01  -5.1937367e+01   1.0000000e+00
   2.2666666e+01  -5.1963710e+01   1.0000000e+00
   2.2333334e+01  -5.2002197e+01   1.0000000e+00
   2.2330016e+01  -5.2002716e+01   1.0000000e+00
   2.2000000e+01  -5.2065863e+01   1.0000000e+00
   2.1666666e+01  -5.2136538e+01   1.0000000e+00
   2.1333334e+01  -5.2198668e+01   1.0000000e+00
   2.1281071e+01  -5.2207455e+01   1.0000000e+00
   2.1000000e+01  -5.2254755e+01   1.0000000e+00
   2.0666666e+01  -5.2307753e+01   1.0000000e+00
   2.0333334e+01  -5.2356103e+01   1.0000000e+00
   2.0000000e+01  -5.2394937e+01   1.0000000e+00
   1.9800828e+01  -5.2411255e+01   1.0000000e+00
   1.9666666e+01  -5.2423358e+01   1.0000000e+00
   1.9333334e+01  -5.2449618e+01   1.0000000e+00
   1.9000000e+01  -5.2473673e+01   1.0000000e+00
   1.8666666e+01  -5.2486210e+01   1.0000000e+00
   1.8333334e+01  -5.2494383e+01   1.0000000e+00
   1.8000000e+01  -5.2502205e+01   1.0000000e+00
   1.7666666e+01  -5.2503897e+01   1.0000000e+00
   1.7333334e+01  -5.2499637e+01   1.0000000e+00
   1.7000000e+01  -5.2485036e+01   1.0000000e+00
   1.6666666e+01  -5.2454133e+01   1.0000000e+00
   1.6333334e+01  -5.2412058e+01   1.0000000e+00
   1.6327684e+01  -5.2411255e+01   1.0000000e+00
   1.6000000e+01  -5.2369314e+01   1.0000000e+00
   1.5666667e+01  -5.2330651e+01   1.0000000e+00
   1.5333333e+01  -5.2301083e+01   1.0000000e+00
   1.5000000e+01  -5.2285006e+01   1.0000000e+00
   1.4666667e+01  -5.2283415e+01   1.0000000e+00
   1.4333333e+01  -5.2285498e+01   1.0000000e+00
   1.4000000e+01  -5.2281368e+01   1.0000000e+00
   1.3666667e+01  -5.2272495e+01   1.0000000e+00
   1.3333333e+01  -5.2261041e+01   1.0000000e+00
   1.3000000e+01  -5.2253696e+01   1.0000000e+00
   1.2666667e+01  -5.2256645e+01   1.0000000e+00
   1.2333333e+01  -5.2267350e+01   1.0000000e+00
   1.2000000e+01  -5.2286984e+01   1.0000000e+00
   1.1666667e+01  -5.2316511e+01   1.0000000e+00
   1.1333333e+01  -5.2358500e+01   1.0000000e+00
   1.1000000e+01  -5.2409245e+01   1.0000000e+00
   1.0987233e+01  -5.2411255e+01   1.0000000e+00
   1.0666667e+01  -5.2463770e+01   1.0000000e+00
   1.0333333e+01  -5.2518533e+01   1.0000000e+00
   1.0000000e+01  -5.2581328e+01   1.0000000e+00
   9.8478639e+00  -5.2614117e+01   1.0000000e+00
   9.6666670e+00  -5.2654640e+01   1.0000000e+00
   9.3333330e+00  -5.2724478e+01   1.0000000e+00
   9.0000000e+00  -5.2787538e+01   1.0000000e+00
   8.8433919e+00  -5.2816040e+01   1.0000000e+00
   8.6666670e+00  -5.2844840e+01   1.0000000e+00
   8.3333330e+00  -5.2900646e+01   1.0000000e+00
   8.0000000e+00  -5.2966552e+01   1.0000000e+00
   7.7842603e+00  -5.3017033e+01   1.0000000e+00
   7.6666665e+00  -5.3043441e+01   1.0000000e+00
   7.3333335e+00  -5.3121211e+01   1.0000000e+00
   7.0000000e+00  -5.3190926e+01   1.0000000e+00
   6.8422668e+00  -5.3217094e+01   1.0000000e+00
   6.6666665e+00  -5.3244557e+01   1.0000000e+00
   6.3333335e+00  -5.3281392e+01   1.0000000e+00
   6.0000000e+00  -5.3301794e+01   1.0000000e+00
   5.6666665e+00  -5.3301199e+01   1.0000000e+00
   5.3333335e+00  -5.3298217e+01   1.0000000e+00
   5.0000000e+00  -5.3301606e+01   1.0000000e+00
   4.6666665e+00  -5.3315053e+01   1.0000000e+00
   4.3333335e+00  -5.3337237e+01   1.0000000e+00
   4.0000000e+00  -5.3362789e+01   1.0000000e+00
   3.6666667e+00  -5.3376109e+01   1.0000000e+00
   3.3333333e+00  -5.3376428e+01   1.0000000e+00
   3.0000000e+00  -5.3361254e+01   1.0000000e+00
   2.6666667e+00  -5.3334291e+01   1.0000000e+00
   2.3333333e+00  -5.3305283e+01   1.0000000e+00
   2.0000000e+00  -5.3284511e+01   1.0000000e+00
   1.6666666e+00  -5.3274582e+01   1.0000000e+00
   1.3333334e+00  -5.3272294e+01   1.0000000e+00
   1.0000000e+00  -5.3273403e+01   1.0000000e+00
   6.6666669e-01  -5.3281335e+01   1.0000000e+00
   3.3333334e-01  -5.3288139e+01   1.0000000e+00
   0.0000000e+00  -5.3302890e+01   1.0000000e+00
   2.2896161e+02  -6.7715065e+01   2.0000000e+00
   2.2900000e+02  -6.7707897e+01   2.0000000e+00
   2.2933333e+02  -6.7670975e+01   2.0000000e+00
   2.2966667e+02  -6.7614878e+01   2.0000000e+00
   2.2982280e+02  -6.7588318e+01   2.0000000e+00
   2.3000000e+02  -6.7561931e+01   2.0000000e+00
   2.3033333e+02  -6.7518137e+01   2.0000000e+00
   2.3066667e+02  -6.7490577e+01   2.0000000e+00
   2.3091045e+02  -6.7460892e+01   2.0000000e+00
   2.3100000e+02  -6.7447407e+01   2.0000000e+00
   2.3133333e+02  -6.7394613e+01   2.0000000e+00
   2.3166667e+02  -6.7355529e+01   2.0000000e+00
   2.3200000e+02  -6.7334917e+01   2.0000000e+00
   2.3204387e+02  -6.7332771e+01   2.0000000e+00
   2.3233333e+02  -6.7324787e+01   2.0000000e+00
   2.3266667e+02  -6.7316707e+01   2.0000000e+00
   2.3300000e+02  -6.7310053e+01   2.0000000e+00
   2.3333333e+02  -6.7310929e+01   2.0000000e+00
   2.3366667e+02  -6.7307007e+01   2.0000000e+00
   2.3400000e+02  -6.7305765e+01   2.0000000e+00
   2.3433333e+02  -6.7310486e+01   2.0000000e+00
   2.3466667e+02  -6.7320813e+01   2.0000000e+00
   2.3495291e+02  -6.7332771e+01   2.0000000e+00
   2.3500000e+02  -6.7335834e+01   2.0000000e+00
   2.3533333e+02  -6.7368008e+01   2.0000000e+00
   2.3566667e+02  -6.7395126e+01   2.0000000e+00
   2.3600000e+02  -6.7420652e+01   2.0000000e+00
   2.3633333e+02  -6.7457438e+01   2.0000000e+00
   2.3634566e+02  -6.7460892e+01   2.0000000e+00
   2.3666667e+02  -6.7548595e+01   2.0000000e+00
   2.3700000e+02  -6.7586639e+01   2.0000000e+00
   2.3701662e+02  -6.7588318e+01   2.0000000e+00
   2.3733333e+02  -6.7622652e+01   2.0000000e+00
   2.3766667e+02  -6.7666150e+01   2.0000000e+00
   2.3787297e+02  -6.7715065e+01   2.0000000e+00
   2.3800000e+02  -6.7737452e+01   2.0000000e+00
   2.3833333e+02  -6.7769797e+01   2.0000000e+00
   2.3866667e+02  -6.7798023e+01   2.0000000e+00
   2.3900000e+02  -6.7834319e+01   2.0000000e+00
   2.3902622e+02  -6.7841125e+01   2.0000000e+00
   2.3930845e+02  -6.7966515e+01   2.0000000e+00
   2.3933333e+02  -6.7975263e+01   2.0000000e+00
   2.3966667e+02  -6.8019852e+01   2.0000000e+00
   2.4000000e+02  -6.8060800e+01   2.0000000e+00
   2.4029192e+02  -6.8091225e+01   2.0000000e+00
   2.4033333e+02  -6.8095986e+01   2.0000000e+00
   2.4066667e+02  -6.8143646e+01   2.0000000e+00
   2.4100000e+02  -6.8182275e+01   2.0000000e+00
   2.4129459e+02  -6.8215271e+01   2.0000000e+00
   2.4133333e+02  -6.8219005e+01   2.0000000e+00
   2.4166667e+02  -6.8241982e+01   2.0000000e+00
   2.4200000e+02  -6.8278370e+01   2.0000000e+00
   2.4233333e+02  -6.8292596e+01   2.0000000e+00
   2.4266667e+02  -6.8310567e+01   2.0000000e+00
   2.4300000e+02  -6.8323819e+01   2.0000000e+00
   2.4321939e+02  -6.8338638e+01   2.0000000e+00
   2.4333333e+02  -6.8348817e+01   2.0000000e+00
   2.4366667e+02  -6.8358258e+01   2.0000000e+00
   2.4400000e+02  -6.8367466e+01   2.0000000e+00
   2.4433333e+02  -6.8374758e+01   2.0000000e+00
   2.4466667e+02  -6.8375593e+01   2.0000000e+00
   2.4500000e+02  -6.8378835e+01   2.0000000e+00
   2.4533333e+02  -6.8375967e+01   2.0000000e+00
   2.4566667e+02  -6.8376349e+01   2.0000000e+00
   2.4600000e+02  -6.8383536e+01   2.0000000e+00
   2.4633333e+02  -6.8384361e+01   2.0000000e+00
   2.4666667e+02  -6.8382248e+01   2.0000000e+00
   2.4700000e+02  -6.8383864e+01   2.0000000e+00
   2.4733333e+02  -6.8368525e+01   2.0000000e+00
   2.4766667e+02  -6.8372810e+01   2.0000000e+00
   2.4800000e+02  -6.8381020e+01   2.0000000e+00
   2.4833333e+02  -6.8373161e+01   2.0000000e+00
   2.4866667e+02  -6.8357999e+01   2.0000000e+00
   2.4900000e+02  -6.8354081e+01   2.0000000e+00
   2.4933333e+02  -6.8372980e+01   2.0000000e+00
   2.4966667e+02  -6.8377005e+01   2.0000000e+00
   2.5000000e+02  -6.8420151e+01   2.0000000e+00
   2.5033333e+02  -6.8428572e+01   2.0000000e+00
   2.5066667e+02  -6.8450783e+01   2.0000000e+00
   2.5083065e+02  -6.8461349e+01   2.0000000e+00
   2.5100000e+02  -6.8472812e+01   2.0000000e+00
   2.5133333e+02  -6.8523488e+01   2.0000000e+00
   2.5166667e+02  -6.8547976e+01   2.0000000e+00
   2.5200000e+02  -6.8571739e+01   2.0000000e+00
   2.5210751e+02  -6.8583397e+01   2.0000000e+00
   2.5233333e+02  -6.8614199e+01   2.0000000e+00
   2.5266667e+02  -6.8684982e+01   2.0000000e+00
   2.5283181e+02  -6.8704781e+01   2.0000000e+00
   2.5300000e+02  -6.8722261e+01   2.0000000e+00
   2.5333333e+02  -6.8755100e+01   2.0000000e+00
   2.5366667e+02  -6.8786808e+01   2.0000000e+00
   2.5393293e+02  -6.8825508e+01   2.0000000e+00
   2.5400000e+02  -6.8836727e+01   2.0000000e+00
   2.5433333e+02  -6.8873027e+01   2.0000000e+00
   2.5466667e+02  -6.8916999e+01   2.0000000e+00
   2.5496974e+02  -6.8945587e+01   2.0000000e+00
   2.5500000e+02  -6.8948436e+01   2.0000000e+00
   2.5533333e+02  -6.8959017e+01   2.0000000e+00
   2.5566667e+02  -6.8989740e+01   2.0000000e+00
   2.5600000e+02  -6.9029181e+01   2.0000000e+00
   2.5633334e+02  -6.9061454e+01   2.0000000e+00
   2.5640130e+02  -6.9065018e+01   2.0000000e+00
   2.5666666e+02  -6.9085347e+01   2.0000000e+00
   2.5700000e+02  -6.9136165e+01   2.0000000e+00
   2.5733334e+02  -6.9181870e+01   2.0000000e+00
   2.5734647e+02  -6.9183792e+01   2.0000000e+00
   2.5766666e+02  -6.9241009e+01   2.0000000e+00
   2.5800000e+02  -6.9294402e+01   2.0000000e+00
   2.5807227e+02  -6.9301933e+01   2.0000000e+00
   2.5833334e+02  -6.9329252e+01   2.0000000e+00
   2.5866666e+02  -6.9366885e+01   2.0000000e+00
   2.5900000e+02  -6.9401357e+01   2.0000000e+00
   2.5920872e+02  -6.9419426e+01   2.0000000e+00
   2.5933334e+02  -6.9428616e+01   2.0000000e+00
   2.5966666e+02  -6.9455852e+01   2.0000000e+00
   2.6000000e+02  -6.9491358e+01   2.0000000e+00
   2.6033334e+02  -6.9508006e+01   2.0000000e+00
   2.6066666e+02  -6.9499728e+01   2.0000000e+00
   2.6100000e+02  -6.9514336e+01   2.0000000e+00
   2.6121833e+02  -6.9536278e+01   2.0000000e+00
   2.6133334e+02  -6.9555911e+01   2.0000000e+00
   2.6166666e+02  -6.9586386e+01   2.0000000e+00
   2.6200000e+02  -6.9605059e+01   2.0000000e+00
   2.6233334e+02  -6.9632448e+01   2.0000000e+00
   2.6247930e+02  -6.9652504e+01   2.0000000e+00
   2.6233334e+02  -6.9698844e+01   2.0000000e+00
   2.6214183e+02  -6.9768089e+01   2.0000000e+00
   2.6233334e+02  -6.9818948e+01   2.0000000e+00
   2.6262915e+02  -6.9883049e+01   2.0000000e+00
   2.6266666e+02  -6.9886197e+01   2.0000000e+00
   2.6300000e+02  -6.9903889e+01   2.0000000e+00
   2.6333334e+02  -6.9955825e+01   2.0000000e+00
   2.6364303e+02  -6.9997383e+01   2.0000000e+00
   2.6366666e+02  -7.0009331e+01   2.0000000e+00
   2.6384224e+02  -7.0111092e+01   2.0000000e+00
   2.6454754e+02  -6.9652504e+01   3.0000000e+00
   2.6466666e+02  -6.9592407e+01   3.0000000e+00
   2.6496640e+02  -6.9536278e+01   3.0000000e+00
   2.6500000e+02  -6.9532410e+01   3.0000000e+00
   2.6533334e+02  -6.9474168e+01   3.0000000e+00
   2.6560008e+02  -6.9419426e+01   3.0000000e+00
   2.6566666e+02  -6.9407479e+01   3.0000000e+00
   2.6595136e+02  -6.9301933e+01   3.0000000e+00
   2.6600000e+02  -6.9294363e+01   3.0000000e+00
   2.6633334e+02  -6.9268056e+01   3.0000000e+00
   2.6666666e+02  -6.9237790e+01   3.0000000e+00
   2.6700000e+02  -6.9210331e+01   3.0000000e+00
   2.6733334e+02  -6.9188446e+01   3.0000000e+00
   2.6738388e+02  -6.9183792e+01   3.0000000e+00
   2.6766666e+02  -6.9132205e+01   3.0000000e+00
   2.6800000e+02  -6.9067829e+01   3.0000000e+00
   2.6801319e+02  -6.9065018e+01   3.0000000e+00
   2.6833334e+02  -6.9006127e+01   3.0000000e+00
   2.6859300e+02  -6.8945587e+01   3.0000000e+00
   2.6866666e+02  -6.8932205e+01   3.0000000e+00
   2.6900000e+02  -6.8890543e+01   3.0000000e+00
   2.6905282e+02  -6.8945587e+01   3.0000000e+00
   2.6933334e+02  -6.9018496e+01   3.0000000e+00
   2.6956266e+02  -6.8945587e+01   3.0000000e+00
   2.6966666e+02  -6.8908122e+01   3.0000000e+00
   2.6993529e+02  -6.8825508e+01   3.0000000e+00
   2.7000000e+02  -6.8765927e+01   3.0000000e+00
   2.7033334e+02  -6.8721933e+01   3.0000000e+00
   2.7050079e+02  -6.8704781e+01   3.0000000e+00
   2.7066666e+02  -6.8684654e+01   3.0000000e+00
   2.7100000e+02  -6.8643043e+01   3.0000000e+00
   2.7133334e+02  -6.8610267e+01   3.0000000e+00
   2.7158100e+02  -6.8583397e+01   3.0000000e+00
   2.7166666e+02  -6.8575008e+01   3.0000000e+00
   2.7200000e+02  -6.8543089e+01   3.0000000e+00
   2.7233334e+02  -6.8515334e+01   3.0000000e+00
   2.7266666e+02  -6.8488463e+01   3.0000000e+00
   2.7300000e+02  -6.8461960e+01   3.0000000e+00
   2.7300662e+02  -6.8461349e+01   3.0000000e+00
   2.7333334e+02  -6.8426271e+01   3.0000000e+00
   2.7366666e+02  -6.8399713e+01   3.0000000e+00
   2.7400000e+02  -6.8382473e+01   3.0000000e+00
   2.7433334e+02  -6.8355707e+01   3.0000000e+00
   2.7449356e+02  -6.8338638e+01   3.0000000e+00
   2.7466666e+02  -6.8313100e+01   3.0000000e+00
   2.7500000e+02  -6.8269620e+01   3.0000000e+00
   2.7533334e+02  -6.8238006e+01   3.0000000e+00
   2.7560569e+02  -6.8215271e+01   3.0000000e+00
   2.7566666e+02  -6.8210841e+01   3.0000000e+00
   2.7600000e+02  -6.8177065e+01   3.0000000e+00
   2.7633334e+02  -6.8147777e+01   3.0000000e+00
   2.7666666e+02  -6.8105871e+01   3.0000000e+00
   2.7682462e+02  -6.8091225e+01   3.0000000e+00
   2.7700000e+02  -6.8076266e+01   3.0000000e+00
   2.7733334e+02  -6.8044374e+01   3.0000000e+00
   2.7766666e+02  -6.8010186e+01   3.0000000e+00
   2.7800000e+02  -6.7967076e+01   3.0000000e+00
   2.7800491e+02  -6.7966515e+01   3.0000000e+00
   2.7833334e+02  -6.7927198e+01   3.0000000e+00
   2.7866666e+02  -6.7880991e+01   3.0000000e+00
   2.7898543e+02  -6.7841125e+01   3.0000000e+00
   2.7900000e+02  -6.7839581e+01   3.0000000e+00
   2.7933334e+02  -6.7779306e+01   3.0000000e+00
   2.7966666e+02  -6.7744305e+01   3.0000000e+00
   2.7985627e+02  -6.7715065e+01   3.0000000e+00
   2.8000000e+02  -6.7685854e+01   3.0000000e+00
   2.8033334e+02  -6.7631545e+01   3.0000000e+00
   2.8058008e+02  -6.7588318e+01   3.0000000e+00
   2.8066666e+02  -6.7573089e+01   3.0000000e+00
   2.8100000e+02  -6.7512962e+01   3.0000000e+00
   2.8116671e+02  -6.7460892e+01   3.0000000e+00
   2.8133334e+02  -6.7410476e+01   3.0000000e+00
   2.8166666e+02  -6.7360707e+01   3.0000000e+00
   2.8200000e+02  -6.7398616e+01   3.0000000e+00
   2.8233334e+02  -6.7367871e+01   3.0000000e+00
   2.8245219e+02  -6.7332771e+01   3.0000000e+00
   2.8262439e+02  -6.7203972e+01   3.0000000e+00
   2.8266666e+02  -6.7190925e+01   3.0000000e+00
   2.8300000e+02  -6.7127783e+01   3.0000000e+00
   2.8333334e+02  -6.7122203e+01   3.0000000e+00
   2.8352075e+02  -6.7074471e+01   3.0000000e+00
   2.8366666e+02  -6.7040724e+01   3.0000000e+00
   2.8392695e+02  -6.6944275e+01   3.0000000e+00
   2.8400000e+02  -6.6911054e+01   3.0000000e+00
   2.8428878e+02  -6.6813385e+01   3.0000000e+00
   2.8433334e+02  -6.6801102e+01   3.0000000e+00
   2.8466302e+02  -6.6681793e+01   3.0000000e+00
   2.8466666e+02  -6.6679927e+01   3.0000000e+00
   2.8491338e+02  -6.6549492e+01   3.0000000e+00
   2.8500000e+02  -6.6523689e+01   3.0000000e+00
   2.8533334e+02  -6.6421389e+01   3.0000000e+00
   2.8535030e+02  -6.6416489e+01   3.0000000e+00
   2.8566666e+02  -6.6300368e+01   3.0000000e+00
   2.8570218e+02  -6.6282768e+01   3.0000000e+00
   2.8591499e+02  -6.6148338e+01   3.0000000e+00
   2.8600000e+02  -6.6084611e+01   3.0000000e+00
   2.8610011e+02  -6.6013184e+01   3.0000000e+00
   2.8633334e+02  -6.5922756e+01   3.0000000e+00
   2.8644425e+02  -6.5877319e+01   3.0000000e+00
   2.8666666e+02  -6.5794877e+01   3.0000000e+00
   2.8680399e+02  -6.5740723e+01   3.0000000e+00
   2.8700000e+02  -6.5671031e+01   3.0000000e+00
   2.8716071e+02  -6.5603409e+01   3.0000000e+00
   2.8733334e+02  -6.5535377e+01   3.0000000e+00
   2.8746677e+02  -6.5465355e+01   3.0000000e+00
   2.8766666e+02  -6.5371442e+01   3.0000000e+00
   2.8774597e+02  -6.5326576e+01   3.0000000e+00
   2.8791997e+02  -6.5187057e+01   3.0000000e+00
   2.8800000e+02  -6.5079076e+01   3.0000000e+00
   2.8802454e+02  -6.5046806e+01   3.0000000e+00
   2.8819322e+02  -6.4905807e+01   3.0000000e+00
   2.8833334e+02  -6.4818811e+01   3.0000000e+00
   2.8843531e+02  -6.4764061e+01   3.0000000e+00
   2.8866666e+02  -6.4652284e+01   3.0000000e+00
   2.8874334e+02  -6.4621574e+01   3.0000000e+00
   2.8900000e+02  -6.4533069e+01   3.0000000e+00
   2.8919314e+02  -6.4478333e+01   3.0000000e+00
   2.8933334e+02  -6.4443029e+01   3.0000000e+00
   2.8966666e+02  -6.4356836e+01   3.0000000e+00
   2.8974860e+02  -6.4334335e+01   3.0000000e+00
   2.9000000e+02  -6.4258304e+01   3.0000000e+00
   2.9025543e+02  -6.4189583e+01   3.0000000e+00
   2.9033334e+02  -6.4168694e+01   3.0000000e+00
   2.9066666e+02  -6.4081114e+01   3.0000000e+00
   2.9078778e+02  -6.4044075e+01   3.0000000e+00
   2.9100000e+02  -6.3992567e+01   3.0000000e+00
   2.9133334e+02  -6.3909615e+01   3.0000000e+00
   2.9137260e+02  -6.3897800e+01   3.0000000e+00
   2.9166666e+02  -6.3810822e+01   3.0000000e+00
   2.9187121e+02  -6.3750755e+01   3.0000000e+00
   2.9200000e+02  -6.3716901e+01   3.0000000e+00
   2.9233334e+02  -6.3650070e+01   3.0000000e+00
   2.9255922e+02  -6.3602947e+01   3.0000000e+00
   2.9266666e+02  -6.3581513e+01   3.0000000e+00
   2.9300000e+02  -6.3488112e+01   3.0000000e+00
   2.9311598e+02  -6.3454365e+01   3.0000000e+00
   2.9333334e+02  -6.3406702e+01   3.0000000e+00
   2.9366666e+02  -6.3327667e+01   3.0000000e+00
   2.9375820e+02  -6.3305004e+01   3.0000000e+00
   2.9400000e+02  -6.3237674e+01   3.0000000e+00
   2.9426113e+02  -6.3154869e+01   3.0000000e+00
   2.9433334e+02  -6.3128820e+01   3.0000000e+00
   2.9465044e+02  -6.3003952e+01   3.0000000e+00
   2.9466666e+02  -6.2998629e+01   3.0000000e+00
   2.9500000e+02  -6.2878042e+01   3.0000000e+00
   2.9509428e+02  -6.2852249e+01   3.0000000e+00
   2.9533334e+02  -6.2766691e+01   3.0000000e+00
   2.9548035e+02  -6.2699757e+01   3.0000000e+00
   2.9566666e+02  -6.2620715e+01   3.0000000e+00
   2.9585593e+02  -6.2546478e+01   3.0000000e+00
   2.9600000e+02  -6.2505405e+01   3.0000000e+00
   2.9633334e+02  -6.2432238e+01   3.0000000e+00
   2.9656348e+02  -6.2392406e+01   3.0000000e+00
   2.9666666e+02  -6.2373411e+01   3.0000000e+00
   2.9700000e+02  -6.2353214e+01   3.0000000e+00
   2.9733334e+02  -6.2339216e+01   3.0000000e+00
   2.9766666e+02  -6.2239697e+01   3.0000000e+00
   2.9767131e+02  -6.2237534e+01   3.0000000e+00
   2.9800000e+02  -6.2088939e+01   3.0000000e+00
   2.9833334e+02  -6.2087158e+01   3.0000000e+00
   2.9834467e+02  -6.2081867e+01   3.0000000e+00
   2.9866666e+02  -6.1934763e+01   3.0000000e+00
   2.9868662e+02  -6.1925392e+01   3.0000000e+00
   2.9900000e+02  -6.1780133e+01   3.0000000e+00
   2.9933334e+02  -6.1778132e+01   3.0000000e+00
   2.9935457e+02  -6.1768116e+01   3.0000000e+00
   2.9966666e+02  -6.1623129e+01   3.0000000e+00
   3.0000000e+02  -6.1619531e+01   3.0000000e+00
   3.0033334e+02  -6.1613778e+01   3.0000000e+00
   3.0034124e+02  -6.1610031e+01   3.0000000e+00
   3.0066666e+02  -6.1458036e+01   3.0000000e+00
   3.0100000e+02  -6.1453588e+01   3.0000000e+00
   3.0121599e+02  -6.1451138e+01   3.0000000e+00
   3.0133334e+02  -6.1361326e+01   3.0000000e+00
   3.0140072e+02  -6.1291428e+01   3.0000000e+00
   3.0160477e+02  -6.1130898e+01   3.0000000e+00
   3.0166666e+02  -6.1097231e+01   3.0000000e+00
   3.0194237e+02  -6.0969551e+01   3.0000000e+00
   3.0200000e+02  -6.0945822e+01   3.0000000e+00
   3.0224268e+02  -6.0807381e+01   3.0000000e+00
   3.0233334e+02  -6.0746371e+01   3.0000000e+00
   3.0246736e+02  -6.0644386e+01   3.0000000e+00
   3.0265086e+02  -6.0480560e+01   3.0000000e+00
   3.0266666e+02  -6.0467032e+01   3.0000000e+00
   3.0288028e+02  -6.0315907e+01   3.0000000e+00
   3.0300000e+02  -6.0247482e+01   3.0000000e+00
   3.0325633e+02  -6.0150417e+01   3.0000000e+00
   3.0333334e+02  -6.0124977e+01   3.0000000e+00
   3.0366666e+02  -6.0001139e+01   3.0000000e+00
   3.0369788e+02  -5.9984089e+01   3.0000000e+00
   3.0399677e+02  -5.9816921e+01   3.0000000e+00
   3.0400000e+02  -5.9814482e+01   3.0000000e+00
   3.0420353e+02  -5.9648911e+01   3.0000000e+00
   3.0433334e+02  -5.9535521e+01   3.0000000e+00
   3.0441582e+02  -5.9480057e+01   3.0000000e+00
   3.0466666e+02  -5.9378546e+01   3.0000000e+00
   3.0493539e+02  -5.9310352e+01   3.0000000e+00
   3.0500000e+02  -5.9297419e+01   3.0000000e+00
   3.0533334e+02  -5.9253258e+01   3.0000000e+00
   3.0566666e+02  -5.9227030e+01   3.0000000e+00
   3.0600000e+02  -5.9205398e+01   3.0000000e+00
   3.0633334e+02  -5.9161821e+01   3.0000000e+00
   3.0643615e+02  -5.9139797e+01   3.0000000e+00
   3.0666666e+02  -5.9094729e+01   3.0000000e+00
   3.0700000e+02  -5.9010341e+01   3.0000000e+00
   3.0719154e+02  -5.8968388e+01   3.0000000e+00
   3.0733334e+02  -5.8943607e+01   3.0000000e+00
   3.0766666e+02  -5.8901553e+01   3.0000000e+00
   3.0800000e+02  -5.8868299e+01   3.0000000e+00
   3.0833334e+02  -5.8842018e+01   3.0000000e+00
   3.0866666e+02  -5.8820922e+01   3.0000000e+00
   3.0900000e+02  -5.8798157e+01   3.0000000e+00
   3.0901564e+02  -5.8796120e+01   3.0000000e+00
   3.0933334e+02  -5.8753787e+01   3.0000000e+00
   3.0966666e+02  -5.8691341e+01   3.0000000e+00
   3.0997801e+02  -5.8622997e+01   3.0000000e+00
   3.1000000e+02  -5.8618381e+01   3.0000000e+00
   3.1033334e+02  -5.8553136e+01   3.0000000e+00
   3.1066666e+02  -5.8502063e+01   3.0000000e+00
   3.1100000e+02  -5.8458541e+01   3.0000000e+00
   3.1105816e+02  -5.8449009e+01   3.0000000e+00
   3.1133334e+02  -5.8403867e+01   3.0000000e+00
   3.1166666e+02  -5.8343767e+01   3.0000000e+00
   3.1200000e+02  -5.8285363e+01   3.0000000e+00
   3.1205538e+02  -5.8274158e+01   3.0000000e+00
   3.1233334e+02  -5.8213553e+01   3.0000000e+00
   3.1266666e+02  -5.8112572e+01   3.0000000e+00
   3.1271058e+02  -5.8098438e+01   3.0000000e+00
   3.1300000e+02  -5.7994874e+01   3.0000000e+00
   3.1329253e+02  -5.7921848e+01   3.0000000e+00
   3.1333334e+02  -5.7913425e+01   3.0000000e+00
   3.1366666e+02  -5.7870742e+01   3.0000000e+00
   3.1400000e+02  -5.7831810e+01   3.0000000e+00
   3.1433334e+02  -5.7783253e+01   3.0000000e+00
   3.1451605e+02  -5.7744385e+01   3.0000000e+00
   3.1466666e+02  -5.7709287e+01   3.0000000e+00
   3.1500000e+02  -5.7602929e+01   3.0000000e+00
   3.1512310e+02  -5.7566048e+01   3.0000000e+00
   3.1533334e+02  -5.7513688e+01   3.0000000e+00
   3.1566666e+02  -5.7471466e+01   3.0000000e+00
   3.1600000e+02  -5.7471982e+01   3.0000000e+00
   3.1633334e+02  -5.7499535e+01   3.0000000e+00
   3.1666666e+02  -5.7527479e+01   3.0000000e+00
   3.1700000e+02  -5.7544993e+01   3.0000000e+00
   3.1733334e+02  -5.7555292e+01   3.0000000e+00
   3.1766666e+02  -5.7562772e+01   3.0000000e+00
   3.1796131e+02  -5.7566048e+01   3.0000000e+00
   3.1800000e+02  -5.7566441e+01   3.0000000e+00
   3.1833334e+02  -5.7582040e+01   3.0000000e+00
   3.1866666e+02  -5.7610126e+01   3.0000000e+00
   3.1900000e+02  -5.7640075e+01   3.0000000e+00
   3.1933334e+02  -5.7645754e+01   3.0000000e+00
   3.1966666e+02  -5.7624549e+01   3.0000000e+00
   3.2000000e+02  -5.7588273e+01   3.0000000e+00
   3.2025202e+02  -5.7566048e+01   3.0000000e+00
   3.2033334e+02  -5.7558093e+01   3.0000000e+00
   3.2066666e+02  -5.7525663e+01   3.0000000e+00
   3.2100000e+02  -5.7472800e+01   3.0000000e+00
   3.2133334e+02  -5.7403582e+01   3.0000000e+00
   3.2142731e+02  -5.7386833e+01   3.0000000e+00
   3.2166666e+02  -5.7347201e+01   3.0000000e+00
   3.2200000e+02  -5.7311707e+01   3.0000000e+00
   3.2233334e+02  -5.7293116e+01   3.0000000e+00
   3.2266666e+02  -5.7294061e+01   3.0000000e+00
   3.2300000e+02  -5.7291718e+01   3.0000000e+00
   3.2333334e+02  -5.7263908e+01   3.0000000e+00
   3.2366666e+02  -5.7215480e+01   3.0000000e+00
   3.2372928e+02  -5.7206738e+01   3.0000000e+00
   3.2400000e+02  -5.7173854e+01   3.0000000e+00
   3.2433334e+02  -5.7148788e+01   3.0000000e+00
   3.2466666e+02  -5.7121381e+01   3.0000000e+00
   3.2500000e+02  -5.7072545e+01   3.0000000e+00
   3.2519635e+02  -5.7025761e+01   3.0000000e+00
   3.2533334e+02  -5.6982978e+01   3.0000000e+00
   3.2566666e+02  -5.6880875e+01   3.0000000e+00
   3.2582605e+02  -5.6843895e+01   3.0000000e+00
   3.2600000e+02  -5.6803960e+01   3.0000000e+00
   3.2633334e+02  -5.6700993e+01   3.0000000e+00
   3.2641784e+02  -5.6661144e+01   3.0000000e+00
   3.2666666e+02  -5.6505499e+01   3.0000000e+00
   3.2669803e+02  -5.6477505e+01   3.0000000e+00
   3.2678458e+02  -5.6292969e+01   3.0000000e+00
   3.2684953e+02  -5.6107536e+01   3.0000000e+00
   3.2687364e+02  -5.5921211e+01   3.0000000e+00
   3.2685438e+02  -5.5733982e+01   3.0000000e+00
   3.2684696e+02  -5.5545853e+01   3.0000000e+00
   3.2679509e+02  -5.5356815e+01   3.0000000e+00
   3.2672695e+02  -5.5166874e+01   3.0000000e+00
   3.2666666e+02  -5.5024815e+01   3.0000000e+00
   3.2664495e+02  -5.4976025e+01   3.0000000e+00
   3.2652609e+02  -5.4784260e+01   3.0000000e+00
   3.2640221e+02  -5.4591587e+01   3.0000000e+00
   3.2633334e+02  -5.4456764e+01   3.0000000e+00
   3.2630119e+02  -5.4397995e+01   3.0000000e+00
   3.2622937e+02  -5.4203484e+01   3.0000000e+00
   3.2617716e+02  -5.4008053e+01   3.0000000e+00
   3.2621030e+02  -5.3811703e+01   3.0000000e+00
   3.2624596e+02  -5.3614426e+01   3.0000000e+00
   3.2631145e+02  -5.3416225e+01   3.0000000e+00
   3.2633334e+02  -5.3378061e+01   3.0000000e+00
   3.2644058e+02  -5.3217094e+01   3.0000000e+00
   3.2661266e+02  -5.3017033e+01   3.0000000e+00
   3.2666666e+02  -5.2983085e+01   3.0000000e+00
   3.2700000e+02  -5.2817843e+01   3.0000000e+00
   3.2700444e+02  -5.2816040e+01   3.0000000e+00
   3.2733334e+02  -5.2686686e+01   3.0000000e+00
   3.2753434e+02  -5.2614117e+01   3.0000000e+00
   3.2766666e+02  -5.2573760e+01   3.0000000e+00
   3.2800000e+02  -5.2501699e+01   3.0000000e+00
   3.2833334e+02  -5.2479829e+01   3.0000000e+00
   3.2866666e+02  -5.2478302e+01   3.0000000e+00
   3.2900000e+02  -5.2483031e+01   3.0000000e+00
   3.2933334e+02  -5.2512174e+01   3.0000000e+00
   3.2966666e+02  -5.2552723e+01   3.0000000e+00
   3.3000000e+02  -5.2605770e+01   3.0000000e+00
   3.3003483e+02  -5.2614117e+01   3.0000000e+00
   3.3033334e+02  -5.2692427e+01   3.0000000e+00
   3.3066666e+02  -5.2797083e+01   3.0000000e+00
   3.3071559e+02  -5.2816040e+01   3.0000000e+00
   3.3100000e+02  -5.2932441e+01   3.0000000e+00
   3.3118701e+02  -5.3017033e+01   3.0000000e+00
   3.3133334e+02  -5.3086484e+01   3.0000000e+00
   3.3160241e+02  -5.3217094e+01   3.0000000e+00
   3.3166666e+02  -5.3245300e+01   3.0000000e+00
   3.3200000e+02  -5.3398081e+01   3.0000000e+00
   3.3203613e+02  -5.3416225e+01   3.0000000e+00
   3.3233334e+02  -5.3557837e+01   3.0000000e+00
   3.3245277e+02  -5.3614426e+01   3.0000000e+00
   3.3266666e+02  -5.3727042e+01   3.0000000e+00
   3.3284465e+02  -5.3811703e+01   3.0000000e+00
   3.3300000e+02  -5.3899660e+01   3.0000000e+00
   3.3322538e+02  -5.4008053e+01   3.0000000e+00
   3.3333334e+02  -5.4068468e+01   3.0000000e+00
   3.3366666e+02  -5.4194872e+01   3.0000000e+00
   3.3369761e+02  -5.4203484e+01   3.0000000e+00
   3.3400000e+02  -5.4274802e+01   3.0000000e+00
   3.3433334e+02  -5.4351627e+01   3.0000000e+00
   3.3452052e+02  -5.4397995e+01   3.0000000e+00
   3.3466666e+02  -5.4435522e+01   3.0000000e+00
   3.3500000e+02  -5.4527216e+01   3.0000000e+00
   3.3526570e+02  -5.4591587e+01   3.0000000e+00
   3.3533334e+02  -5.4609258e+01   3.0000000e+00
   3.3566666e+02  -5.4686394e+01   3.0000000e+00
   3.3600000e+02  -5.4745877e+01   3.0000000e+00
   3.3633334e+02  -5.4778261e+01   3.0000000e+00
   3.3641398e+02  -5.4784260e+01   3.0000000e+00
   3.3666666e+02  -5.4805294e+01   3.0000000e+00
   3.3700000e+02  -5.4831227e+01   3.0000000e+00
   3.3733334e+02  -5.4854907e+01   3.0000000e+00
   3.3766666e+02  -5.4882955e+01   3.0000000e+00
   3.3800000e+02  -5.4906053e+01   3.0000000e+00
   3.3833334e+02  -5.4916677e+01   3.0000000e+00
   3.3866666e+02  -5.4935794e+01   3.0000000e+00
   3.3891430e+02  -5.4976025e+01   3.0000000e+00
   3.3900000e+02  -5.4999038e+01   3.0000000e+00
   3.3933334e+02  -5.5140054e+01   3.0000000e+00
   3.3940119e+02  -5.5166874e+01   3.0000000e+00
   3.3966666e+02  -5.5250016e+01   3.0000000e+00
   3.4000000e+02  -5.5331985e+01   3.0000000e+00
   3.4013706e+02  -5.5356815e+01   3.0000000e+00
   3.4033334e+02  -5.5390988e+01   3.0000000e+00
   3.4066666e+02  -5.5423882e+01   3.0000000e+00
   3.4100000e+02  -5.5464512e+01   3.0000000e+00
   3.4133334e+02  -5.5526144e+01   3.0000000e+00
   3.4142404e+02  -5.5545853e+01   3.0000000e+00
   3.4166666e+02  -5.5608830e+01   3.0000000e+00
   3.4200000e+02  -5.5676725e+01   3.0000000e+00
   3.4233334e+02  -5.5716924e+01   3.0000000e+00
   3.4266666e+02  -5.5730277e+01   3.0000000e+00
   3.4273839e+02  -5.5733982e+01   3.0000000e+00
   3.4300000e+02  -5.5769153e+01   3.0000000e+00
   3.4320084e+02  -5.5921211e+01   3.0000000e+00
   3.4327947e+02  -5.6107536e+01   3.0000000e+00
   3.4333334e+02  -5.6172604e+01   3.0000000e+00
   3.4348018e+02  -5.6292969e+01   3.0000000e+00
   3.4366666e+02  -5.6349969e+01   3.0000000e+00
   3.4400000e+02  -5.6448841e+01   3.0000000e+00
   3.4413243e+02  -5.6477505e+01   3.0000000e+00
   3.4433334e+02  -5.6509410e+01   3.0000000e+00
   3.4466666e+02  -5.6517419e+01   3.0000000e+00
   3.4500000e+02  -5.6495868e+01   3.0000000e+00
   3.4533013e+02  -5.6477505e+01   3.0000000e+00
   3.4533334e+02  -5.6477346e+01   3.0000000e+00
   3.4566666e+02  -5.6471405e+01   3.0000000e+00
   3.4600000e+02  -5.6466343e+01   3.0000000e+00
   3.4633334e+02  -5.6462146e+01   3.0000000e+00
   3.4666666e+02  -5.6457350e+01   3.0000000e+00
   3.4700000e+02  -5.6437974e+01   3.0000000e+00
   3.4733334e+02  -5.6398668e+01   3.0000000e+00
   3.4766666e+02  -5.6354231e+01   3.0000000e+00
   3.4800000e+02  -5.6321738e+01   3.0000000e+00
   3.4833334e+02  -5.6294897e+01   3.0000000e+00
   3.4835302e+02  -5.6292969e+01   3.0000000e+00
   3.4866666e+02  -5.6260256e+01   3.0000000e+00
   3.4900000e+02  -5.6207455e+01   3.0000000e+00
   3.4933334e+02  -5.6132798e+01   3.0000000e+00
   3.4943477e+02  -5.6107536e+01   3.0000000e+00
   3.4966666e+02  -5.6044744e+01   3.0000000e+00
   3.5000000e+02  -5.5954479e+01   3.0000000e+00
   3.5011888e+02  -5.5921211e+01   3.0000000e+00
   3.5033334e+02  -5.5862080e+01   3.0000000e+00
   3.5066666e+02  -5.5774347e+01   3.0000000e+00
   3.5089397e+02  -5.5733982e+01   3.0000000e+00
   3.5100000e+02  -5.5716302e+01   3.0000000e+00
   3.5133334e+02  -5.5706803e+01   3.0000000e+00
   3.5166666e+02  -5.5729464e+01   3.0000000e+00
   3.5176972e+02  -5.5733982e+01   3.0000000e+00
   3.5200000e+02  -5.5742785e+01   3.0000000e+00
   3.5209960e+02  -5.5733982e+01   3.0000000e+00
   3.5233334e+02  -5.5709878e+01   3.0000000e+00
   3.5266666e+02  -5.5611155e+01   3.0000000e+00
   3.5282818e+02  -5.5545853e+01   3.0000000e+00
   3.5300000e+02  -5.5433614e+01   3.0000000e+00
   3.5311982e+02  -5.5356815e+01   3.0000000e+00
   3.5333334e+02  -5.5213810e+01   3.0000000e+00
   3.5341053e+02  -5.5166874e+01   3.0000000e+00
   3.5366666e+02  -5.5036247e+01   3.0000000e+00
   3.5382017e+02  -5.4976025e+01   3.0000000e+00
   3.5400000e+02  -5.4902051e+01   3.0000000e+00
   3.5433334e+02  -5.4799784e+01   3.0000000e+00
   3.5438894e+02  -5.4784260e+01   3.0000000e+00
   3.5466666e+02  -5.4709736e+01   3.0000000e+00
   3.5500000e+02  -5.4602771e+01   3.0000000e+00
   3.5503946e+02  -5.4591587e+01   3.0000000e+00
   3.5533334e+02  -5.4497498e+01   3.0000000e+00
   3.5557962e+02  -5.4397995e+01   3.0000000e+00
   3.5566666e+02  -5.4353562e+01   3.0000000e+00
   3.5591859e+02  -5.4203484e+01   3.0000000e+00
   3.5600000e+02  -5.4148144e+01   3.0000000e+00
   3.5628806e+02  -5.4008053e+01   3.0000000e+00
   3.5633334e+02  -5.3986679e+01   3.0000000e+00
   3.5666666e+02  -5.3877690e+01   3.0000000e+00
   3.5668837e+02  -5.4008053e+01   3.0000000e+00
   3.5700000e+02  -5.4163940e+01   3.0000000e+00
   3.5706745e+02  -5.4203484e+01   3.0000000e+00
   3.5733334e+02  -5.4337028e+01   3.0000000e+00
   3.5766666e+02  -5.4328873e+01   3.0000000e+00
   3.5788981e+02  -5.4203484e+01   3.0000000e+00
   3.5792004e+02  -5.4008053e+01   3.0000000e+00
   3.5800000e+02  -5.3960955e+01   3.0000000e+00
   3.5828256e+02  -5.3811703e+01   3.0000000e+00
   3.5833334e+02  -5.3636925e+01   3.0000000e+00
   3.5850118e+02  -5.3614426e+01   3.0000000e+00
   3.5866666e+02  -5.3590088e+01   3.0000000e+00
   3.5900000e+02  -5.3535841e+01   3.0000000e+00
   3.5933334e+02  -5.3493023e+01   3.0000000e+00
   3.5961648e+02  -5.3416225e+01   3.0000000e+00
   3.5966666e+02  -5.3403981e+01   3.0000000e+00
   3.6000000e+02  -5.3302890e+01   3.0000000e+00
