   5.9000000e+01  -6.3894187e+01   1.0000000e+00
   5.8712084e+01  -6.3750755e+01   1.0000000e+00
   5.8666668e+01  -6.3727179e+01   1.0000000e+00
   5.8438991e+01  -6.3602947e+01   1.0000000e+00
   5.8333332e+01  -6.3538151e+01   1.0000000e+00
   5.8196888e+01  -6.3454365e+01   1.0000000e+00
   5.8000000e+01  -6.3347078e+01   1.0000000e+00
   5.7916017e+01  -6.3305004e+01   1.0000000e+00
   5.7666668e+01  -6.3196610e+01   1.0000000e+00
   5.7567244e+01  -6.3154869e+01   1.0000000e+00
   5.7333332e+01  -6.3067170e+01   1.0000000e+00
   5.7161740e+01  -6.3003952e+01   1.0000000e+00
   5.7000000e+01  -6.2951117e+01   1.0000000e+00
   5.6666668e+01  -6.2864740e+01   1.0000000e+00
   5.6624505e+01  -6.2852249e+01   1.0000000e+00
   5.6333332e+01  -6.2739988e+01   1.0000000e+00
   5.6153829e+01  -6.2699757e+01   1.0000000e+00
   5.6000000e+01  -6.2673646e+01   1.0000000e+00
   5.5666668e+01  -6.2632147e+01   1.0000000e+00
   5.5333332e+01  -6.2583997e+01   1.0000000e+00
   5.5183243e+01  -6.2546478e+01   1.0000000e+00
   5.5000000e+01  -6.2503442e+01   1.0000000e+00
   5.4666668e+01  -6.2490526e+01   1.0000000e+00
   5.4333332e+01  -6.2495478e+01   1.0000000e+00
   5.4000000e+01  -6.2492244e+01   1.0000000e+00
   5.3666668e+01  -6.2407624e+01   1.0000000e+00
   5.3333332e+01  -6.2416649e+01   1.0000000e+00
   5.3000000e+01  -6.2439566e+01   1.0000000e+00
   5.2666668e+01  -6.2463784e+01   1.0000000e+00
   5.2333332e+01  -6.2453379e+01   1.0000000e+00
   5.2000000e+01  -6.2471265e+01   1.0000000e+00
   5.1666668e+01  -6.2482811e+01   1.0000000e+00
   5.1333332e+01  -6.2475702e+01   1.0000000e+00
   5.1000000e+01  -6.2467518e+01   1.0000000e+00
   5.0666668e+01  -6.2484030e+01   1.0000000e+00
   5.0333332e+01  -6.2530917e+01   1.0000000e+00
   5.0265587e+01  -6.2546478e+01   1.0000000e+00
   5.0000000e+01  -6.2603841e+01   1.0000000e+00
   4.9666668e+01  -6.2677999e+01   1.0000000e+00
   4.9533482e+01  -6.2699757e+01   1.0000000e+00
   4.9333332e+01  -6.2765968e+01   1.0000000e+00
   4.9000000e+01  -6.2812932e+01   1.0000000e+00
   4.8666668e+01  -6.2782951e+01   1.0000000e+00
   4.8388798e+01  -6.2699757e+01   1.0000000e+00
   4.8333332e+01  -6.2692741e+01   1.0000000e+00
   4.8000000e+01  -6.2653456e+01   1.0000000e+00
   4.7666668e+01  -6.2622875e+01   1.0000000e+00
   4.7333332e+01  -6.2594821e+01   1.0000000e+00
   4.7000000e+01  -6.2564721e+01   1.0000000e+00
   4.6670690e+01  -6.2546478e+01   1.0000000e+00
   4.6666668e+01  -6.2546265e+01   1.0000000e+00
   4.6333332e+01  -6.2534954e+01   1.0000000e+00
   4.6000000e+01  -6.2523817e+01   1.0000000e+00
   4.5666668e+01  -6.2509167e+01   1.0000000e+00
   4.5333332e+01  -6.2496166e+01   1.0000000e+00
   4.5000000e+01  -6.2478302e+01   1.0000000e+00
   4.4666668e+01  -6.2454106e+01   1.0000000e+00
   4.4333332e+01  -6.2428560e+01   1.0000000e+00
   4.4000000e+01  -6.2394211e+01   1.0000000e+00
   4.3986229e+01  -6.2392406e+01   1.0000000e+00
   4.3666668e+01  -6.2339355e+01   1.0000000e+00
   4.3333332e+01  -6.2285805e+01   1.0000000e+00
   4.3000000e+01  -6.2262331e+01   1.0000000e+00
   4.2692340e+01  -6.2237534e+01   1.0000000e+00
   4.2666668e+01  -6.2235590e+01   1.0000000e+00
   4.2333332e+01  -6.2213457e+01   1.0000000e+00
   4.2000000e+01  -6.2209121e+01   1.0000000e+00
   4.1666668e+01  -6.2210276e+01   1.0000000e+00
   4.1333332e+01  -6.2211845e+01   1.0000000e+00
   4.1000000e+01  -6.2200784e+01   1.0000000e+00
   4.0666668e+01  -6.2185645e+01   1.0000000e+00
   4.0333332e+01  -6.2165281e+01   1.0000000e+00
   4.0000000e+01  -6.2131837e+01   1.0000000e+00
   3.9679657e+01  -6.2081867e+01   1.0000000e+00
   3.9666668e+01  -6.2079040e+01   1.0000000e+00
   3.9333332e+01  -6.2007543e+01   1.0000000e+00
   3.9000000e+01  -6.1933474e+01   1.0000000e+00
   3.8965416e+01  -6.1925392e+01   1.0000000e+00
   3.8666668e+01  -6.1861467e+01   1.0000000e+00
   3.8333332e+01  -6.1781646e+01   1.0000000e+00
   3.8259206e+01  -6.1768116e+01   1.0000000e+00
   3.8000000e+01  -6.1715696e+01   1.0000000e+00
   3.7666668e+01  -6.1656426e+01   1.0000000e+00
   3.7333332e+01  -6.1630393e+01   1.0000000e+00
   3.7000000e+01  -6.1620613e+01   1.0000000e+00
   3.6666668e+01  -6.1631625e+01   1.0000000e+00
   3.6333332e+01  -6.1642235e+01   1.0000000e+00
   3.6000000e+01  -6.1655516e+01   1.0000000e+00
   3.5666668e+01  -6.1660743e+01   1.0000000e+00
   3.5333332e+01  -6.1673307e+01   1.0000000e+00
   3.5000000e+01  -6.1687132e+01   1.0000000e+00
   3.4666668e+01  -6.1688060e+01   1.0000000e+00
   3.4333332e+01  -6.1662566e+01   1.0000000e+00
   3.4049301e+01  -6.1610031e+01   1.0000000e+00
   3.4000000e+01  -6.1601038e+01   1.0000000e+00
   3.3666668e+01  -6.1499071e+01   1.0000000e+00
   3.3514098e+01  -6.1451138e+01   1.0000000e+00
   3.3333332e+01  -6.1376171e+01   1.0000000e+00
   3.3112371e+01  -6.1291428e+01   1.0000000e+00
   3.3000000e+01  -6.1258424e+01   1.0000000e+00
   3.2666668e+01  -6.1164259e+01   1.0000000e+00
   3.2558643e+01  -6.1130898e+01   1.0000000e+00
   3.2333332e+01  -6.1048707e+01   1.0000000e+00
   3.2000000e+01  -6.0999408e+01   1.0000000e+00
   3.1666666e+01  -6.0972380e+01   1.0000000e+00
   3.1632502e+01  -6.0969551e+01   1.0000000e+00
   3.1333334e+01  -6.0946599e+01   1.0000000e+00
   3.1000000e+01  -6.0934446e+01   1.0000000e+00
   3.0666666e+01  -6.0893643e+01   1.0000000e+00
   3.0433173e+01  -6.0807381e+01   1.0000000e+00
   3.0333334e+01  -6.0657876e+01   1.0000000e+00
   3.0327790e+01  -6.0644386e+01   1.0000000e+00
   3.0280727e+01  -6.0480560e+01   1.0000000e+00
   3.0281505e+01  -6.0315907e+01   1.0000000e+00
   3.0272232e+01  -6.0150417e+01   1.0000000e+00
   3.0203424e+01  -5.9984089e+01   1.0000000e+00
   3.0000000e+01  -5.9848052e+01   1.0000000e+00
   2.9933542e+01  -5.9816921e+01   1.0000000e+00
   2.9666666e+01  -5.9719615e+01   1.0000000e+00
   2.9485535e+01  -5.9648911e+01   1.0000000e+00
   2.9333334e+01  -5.9607590e+01   1.0000000e+00
   2.9000000e+01  -5.9497271e+01   1.0000000e+00
   2.8948197e+01  -5.9480057e+01   1.0000000e+00
   2.8666666e+01  -5.9371462e+01   1.0000000e+00
   2.8477800e+01  -5.9310352e+01   1.0000000e+00
   2.8333334e+01  -5.9257856e+01   1.0000000e+00
   2.8000000e+01  -5.9180173e+01   1.0000000e+00
   2.7773757e+01  -5.9139797e+01   1.0000000e+00
   2.7666666e+01  -5.9114977e+01   1.0000000e+00
   2.7333334e+01  -5.9007461e+01   1.0000000e+00
   2.7277082e+01  -5.8968388e+01   1.0000000e+00
   2.7120607e+01  -5.8796120e+01   1.0000000e+00
   2.7073176e+01  -5.8622997e+01   1.0000000e+00
   2.7033052e+01  -5.8449009e+01   1.0000000e+00
   2.7028279e+01  -5.8274158e+01   1.0000000e+00
   2.7036028e+01  -5.8098438e+01   1.0000000e+00
   2.7123434e+01  -5.7921848e+01   1.0000000e+00
   2.7188254e+01  -5.7744385e+01   1.0000000e+00
   2.7225737e+01  -5.7566048e+01   1.0000000e+00
   2.7148440e+01  -5.7386833e+01   1.0000000e+00
   2.7000000e+01  -5.7268438e+01   1.0000000e+00
   2.6952274e+01  -5.7206738e+01   1.0000000e+00
   2.6834092e+01  -5.7025761e+01   1.0000000e+00
   2.6765366e+01  -5.6843895e+01   1.0000000e+00
   2.6742580e+01  -5.6661144e+01   1.0000000e+00
   2.6763459e+01  -5.6477505e+01   1.0000000e+00
   2.6845826e+01  -5.6292969e+01   1.0000000e+00
   2.6891329e+01  -5.6107536e+01   1.0000000e+00
   2.6769434e+01  -5.5921211e+01   1.0000000e+00
   2.6666666e+01  -5.5849429e+01   1.0000000e+00
   2.6534073e+01  -5.5733982e+01   1.0000000e+00
   2.6393958e+01  -5.5545853e+01   1.0000000e+00
   2.6333334e+01  -5.5392349e+01   1.0000000e+00
   2.6325090e+01  -5.5356815e+01   1.0000000e+00
   2.6291155e+01  -5.5166874e+01   1.0000000e+00
   2.6257362e+01  -5.4976025e+01   1.0000000e+00
   2.6220311e+01  -5.4784260e+01   1.0000000e+00
   2.6224154e+01  -5.4591587e+01   1.0000000e+00
   2.6268262e+01  -5.4397995e+01   1.0000000e+00
   2.6317444e+01  -5.4203484e+01   1.0000000e+00
   2.6319750e+01  -5.4008053e+01   1.0000000e+00
   2.6228050e+01  -5.3811703e+01   1.0000000e+00
   2.6150068e+01  -5.3614426e+01   1.0000000e+00
   2.6065115e+01  -5.3416225e+01   1.0000000e+00
   2.6000000e+01  -5.3317352e+01   1.0000000e+00
   2.5891291e+01  -5.3217094e+01   1.0000000e+00
   2.5666666e+01  -5.3061553e+01   1.0000000e+00
   2.5558834e+01  -5.3017033e+01   1.0000000e+00
   2.5333334e+01  -5.2947460e+01   1.0000000e+00
   2.5000000e+01  -5.2858535e+01   1.0000000e+00
   2.4776194e+01  -5.2816040e+01   1.0000000e+00
   2.4666666e+01  -5.2796721e+01   1.0000000e+00
   2.4333334e+01  -5.2747778e+01   1.0000000e+00
   2.4000000e+01  -5.2726479e+01   1.0000000e+00
   2.3666666e+01  -5.2742232e+01   1.0000000e+00
   2.3333334e+01  -5.2771871e+01   1.0000000e+00
   2.3000000e+01  -5.2815484e+01   1.0000000e+00
   2.2997004e+01  -5.2816040e+01   1.0000000e+00
   2.2666666e+01  -5.2884483e+01   1.0000000e+00
   2.2333334e+01  -5.2959093e+01   1.0000000e+00
   2.2108219e+01  -5.3017033e+01   1.0000000e+00
   2.2000000e+01  -5.3054336e+01   1.0000000e+00
   2.1666666e+01  -5.3172571e+01   1.0000000e+00
   2.1515776e+01  -5.3217094e+01   1.0000000e+00
   2.1333334e+01  -5.3267503e+01   1.0000000e+00
   2.1000000e+01  -5.3338762e+01   1.0000000e+00
   2.0666666e+01  -5.3399113e+01   1.0000000e+00
   2.0580033e+01  -5.3416225e+01   1.0000000e+00
   2.0333334e+01  -5.3468652e+01   1.0000000e+00
   2.0000000e+01  -5.3537056e+01   1.0000000e+00
   1.9666666e+01  -5.3589654e+01   1.0000000e+00
   1.9455533e+01  -5.3614426e+01   1.0000000e+00
   1.9333334e+01  -5.3630668e+01   1.0000000e+00
   1.9000000e+01  -5.3661350e+01   1.0000000e+00
   1.8666666e+01  -5.3673096e+01   1.0000000e+00
   1.8333334e+01  -5.3672022e+01   1.0000000e+00
   1.8000000e+01  -5.3653152e+01   1.0000000e+00
   1.7730969e+01  -5.3614426e+01   1.0000000e+00
   1.7666666e+01  -5.3606292e+01   1.0000000e+00
   1.7333334e+01  -5.3563325e+01   1.0000000e+00
   1.7000000e+01  -5.3532468e+01   1.0000000e+00
   1.6666666e+01  -5.3509819e+01   1.0000000e+00
   1.6333334e+01  -5.3486910e+01   1.0000000e+00
   1.6000000e+01  -5.3441770e+01   1.0000000e+00
   1.5885605e+01  -5.3416225e+01   1.0000000e+00
   1.5666667e+01  -5.3375756e+01   1.0000000e+00
   1.5333333e+01  -5.3310474e+01   1.0000000e+00
   1.5000000e+01  -5.3255862e+01   1.0000000e+00
   1.4708932e+01  -5.3217094e+01   1.0000000e+00
   1.4666667e+01  -5.3211397e+01   1.0000000e+00
   1.4333333e+01  -5.3171277e+01   1.0000000e+00
   1.4000000e+01  -5.3134548e+01   1.0000000e+00
   1.3666667e+01  -5.3105686e+01   1.0000000e+00
   1.3333333e+01  -5.3092653e+01   1.0000000e+00
   1.3000000e+01  -5.3094983e+01   1.0000000e+00
   1.2666667e+01  -5.3108081e+01   1.0000000e+00
   1.2333333e+01  -5.3112852e+01   1.0000000e+00
   1.2000000e+01  -5.3112941e+01   1.0000000e+00
   1.1666667e+01  -5.3127348e+01   1.0000000e+00
   1.1333333e+01  -5.3158481e+01   1.0000000e+00
   1.1000000e+01  -5.3212635e+01   1.0000000e+00
   1.0982182e+01  -5.3217094e+01   1.0000000e+00
   1.0666667e+01  -5.3308889e+01   1.0000000e+00
   1.0336073e+01  -5.3416225e+01   1.0000000e+00
   1.0333333e+01  -5.3417261e+01   1.0000000e+00
   1.0000000e+01  -5.3534839e+01   1.0000000e+00
   9.7181681e+00  -5.3614426e+01   1.0000000e+00
   9.6666670e+00  -5.3629770e+01   1.0000000e+00
   9.3333330e+00  -5.3698841e+01   1.0000000e+00
   9.0000000e+00  -5.3749382e+01   1.0000000e+00
   8.6666670e+00  -5.3798102e+01   1.0000000e+00
   8.5866338e+00  -5.3811703e+01   1.0000000e+00
   8.3333330e+00  -5.3853704e+01   1.0000000e+00
   8.0000000e+00  -5.3915374e+01   1.0000000e+00
   7.6666665e+00  -5.3975190e+01   1.0000000e+00
   7.4722544e+00  -5.4008053e+01   1.0000000e+00
   7.3333335e+00  -5.4033487e+01   1.0000000e+00
   7.0000000e+00  -5.4094135e+01   1.0000000e+00
   6.6666665e+00  -5.4150260e+01   1.0000000e+00
   6.3885648e+00  -5.4203484e+01   1.0000000e+00
   6.3333335e+00  -5.4214839e+01   1.0000000e+00
   6.0000000e+00  -5.4283543e+01   1.0000000e+00
   5.6666665e+00  -5.4342204e+01   1.0000000e+00
   5.3333335e+00  -5.4395604e+01   1.0000000e+00
   5.3176290e+00  -5.4397995e+01   1.0000000e+00
   5.0000000e+00  -5.4448216e+01   1.0000000e+00
   4.6666665e+00  -5.4501101e+01   1.0000000e+00
   4.3333335e+00  -5.4548717e+01   1.0000000e+00
   4.0354799e+00  -5.4591587e+01   1.0000000e+00
   4.0000000e+00  -5.4597337e+01   1.0000000e+00
   3.6666667e+00  -5.4764876e+01   1.0000000e+00
   3.6331313e+00  -5.4784260e+01   1.0000000e+00
   3.3333333e+00  -5.4940792e+01   1.0000000e+00
   3.0000000e+00  -5.4946612e+01   1.0000000e+00
   2.6666667e+00  -5.4825162e+01   1.0000000e+00
   2.3333333e+00  -5.4888695e+01   1.0000000e+00
   2.0000000e+00  -5.4955265e+01   1.0000000e+00
   1.8601624e+00  -5.4976025e+01   1.0000000e+00
   1.6666666e+00  -5.5004842e+01   1.0000000e+00
   1.3333334e+00  -5.5060812e+01   1.0000000e+00
   1.0000000e+00  -5.5132036e+01   1.0000000e+00
   7.9936193e-01  -5.5166874e+01   1.0000000e+00
   6.6666669e-01  -5.5190945e+01   1.0000000e+00
   3.3333334e-01  -5.5256311e+01   1.0000000e+00
   0.0000000e+00  -5.5324528e+01   1.0000000e+00
   8.6808129e+01  -6.2699757e+01   2.0000000e+00
   8.7000000e+01  -6.2593656e+01   2.0000000e+00
   8.7060270e+01  -6.2546478e+01   2.0000000e+00
   8.7274445e+01  -6.2392406e+01   2.0000000e+00
   8.7333336e+01  -6.2258448e+01   2.0000000e+00
   8.7349688e+01  -6.2237534e+01   2.0000000e+00
   8.7333336e+01  -6.2235259e+01   2.0000000e+00
   8.7000000e+01  -6.2165445e+01   2.0000000e+00
   8.6666664e+01  -6.2128137e+01   2.0000000e+00
   8.6333336e+01  -6.2091035e+01   2.0000000e+00
   8.6249450e+01  -6.2081867e+01   2.0000000e+00
   8.6333336e+01  -6.1997777e+01   2.0000000e+00
   8.6416427e+01  -6.1925392e+01   2.0000000e+00
   8.6666664e+01  -6.1790270e+01   2.0000000e+00
   8.6728320e+01  -6.1768116e+01   2.0000000e+00
   8.7000000e+01  -6.1716518e+01   2.0000000e+00
   8.7331461e+01  -6.1610031e+01   2.0000000e+00
   8.7333336e+01  -6.1609669e+01   2.0000000e+00
   8.7666664e+01  -6.1589797e+01   2.0000000e+00
   8.8000000e+01  -6.1572129e+01   2.0000000e+00
   8.8333336e+01  -6.1570456e+01   2.0000000e+00
   8.8666664e+01  -6.1561968e+01   2.0000000e+00
   8.9000000e+01  -6.1559477e+01   2.0000000e+00
   8.9333336e+01  -6.1542608e+01   2.0000000e+00
   8.9666664e+01  -6.1513556e+01   2.0000000e+00
   9.0000000e+01  -6.1473580e+01   2.0000000e+00
   9.0168807e+01  -6.1451138e+01   2.0000000e+00
   9.0333336e+01  -6.1410539e+01   2.0000000e+00
   9.0666664e+01  -6.1333358e+01   2.0000000e+00
   9.0867666e+01  -6.1291428e+01   2.0000000e+00
   9.1000000e+01  -6.1252565e+01   2.0000000e+00
   9.1333336e+01  -6.1207785e+01   2.0000000e+00
   9.1666664e+01  -6.1157101e+01   2.0000000e+00
   9.1846756e+01  -6.1130898e+01   2.0000000e+00
   9.2000000e+01  -6.1105363e+01   2.0000000e+00
   9.2333336e+01  -6.1061494e+01   2.0000000e+00
   9.2666664e+01  -6.1019115e+01   2.0000000e+00
   9.3000000e+01  -6.0999673e+01   2.0000000e+00
   9.3333336e+01  -6.0990148e+01   2.0000000e+00
   9.3666664e+01  -6.0980697e+01   2.0000000e+00
   9.3845453e+01  -6.0969551e+01   2.0000000e+00
   9.4000000e+01  -6.0958403e+01   2.0000000e+00
   9.4333336e+01  -6.0959888e+01   2.0000000e+00
   9.4666664e+01  -6.0956771e+01   2.0000000e+00
   9.5000000e+01  -6.0942281e+01   2.0000000e+00
   9.5333336e+01  -6.0924142e+01   2.0000000e+00
   9.5666664e+01  -6.0937773e+01   2.0000000e+00
   9.5918686e+01  -6.0969551e+01   2.0000000e+00
   9.6000000e+01  -6.0982430e+01   2.0000000e+00
   9.6333336e+01  -6.1076893e+01   2.0000000e+00
   9.6556434e+01  -6.1130898e+01   2.0000000e+00
   9.6666664e+01  -6.1151502e+01   2.0000000e+00
   9.7000000e+01  -6.1228092e+01   2.0000000e+00
   9.7280293e+01  -6.1291428e+01   2.0000000e+00
   9.7333336e+01  -6.1303235e+01   2.0000000e+00
   9.7666664e+01  -6.1388298e+01   2.0000000e+00
   9.8000000e+01  -6.1448195e+01   2.0000000e+00
   9.8008353e+01  -6.1451138e+01   2.0000000e+00
   9.8333336e+01  -6.1559370e+01   2.0000000e+00
   9.8477939e+01  -6.1610031e+01   2.0000000e+00
   9.8666664e+01  -6.1685874e+01   2.0000000e+00
   9.8862179e+01  -6.1768116e+01   2.0000000e+00
   9.9000000e+01  -6.1820459e+01   2.0000000e+00
   9.9333336e+01  -6.1923192e+01   2.0000000e+00
   9.9339900e+01  -6.1925392e+01   2.0000000e+00
   9.9666664e+01  -6.2042427e+01   2.0000000e+00
   9.9798917e+01  -6.2081867e+01   2.0000000e+00
   1.0000000e+02  -6.2211523e+01   2.0000000e+00
   1.0004237e+02  -6.2237534e+01   2.0000000e+00
   1.0033334e+02  -6.2320120e+01   2.0000000e+00
   1.0066666e+02  -6.2349363e+01   2.0000000e+00
   1.0082606e+02  -6.2392406e+01   2.0000000e+00
   1.0100000e+02  -6.2437684e+01   2.0000000e+00
   1.0133334e+02  -6.2521960e+01   2.0000000e+00
   1.0146147e+02  -6.2546478e+01   2.0000000e+00
   1.0166666e+02  -6.2591113e+01   2.0000000e+00
   1.0200000e+02  -6.2628862e+01   2.0000000e+00
   1.0233334e+02  -6.2670786e+01   2.0000000e+00
   1.0251292e+02  -6.2699757e+01   2.0000000e+00
   1.0266666e+02  -6.2734371e+01   2.0000000e+00
   1.0300000e+02  -6.2761751e+01   2.0000000e+00
   1.0333334e+02  -6.2785471e+01   2.0000000e+00
   1.0366666e+02  -6.2809137e+01   2.0000000e+00
   1.0400000e+02  -6.2851412e+01   2.0000000e+00
   1.0433334e+02  -6.2851023e+01   2.0000000e+00
   1.0466666e+02  -6.2802895e+01   2.0000000e+00
   1.0500000e+02  -6.2780630e+01   2.0000000e+00
   1.0533334e+02  -6.2747944e+01   2.0000000e+00
   1.0562229e+02  -6.2699757e+01   2.0000000e+00
   1.0566666e+02  -6.2693933e+01   2.0000000e+00
   1.0600000e+02  -6.2625834e+01   2.0000000e+00
   1.0633334e+02  -6.2581238e+01   2.0000000e+00
   1.0663351e+02  -6.2546478e+01   2.0000000e+00
   1.0666666e+02  -6.2542461e+01   2.0000000e+00
   1.0700000e+02  -6.2489463e+01   2.0000000e+00
   1.0733334e+02  -6.2421640e+01   2.0000000e+00
   1.0763423e+02  -6.2392406e+01   2.0000000e+00
   1.0766666e+02  -6.2389197e+01   2.0000000e+00
   1.0800000e+02  -6.2376819e+01   2.0000000e+00
   1.0833334e+02  -6.2354136e+01   2.0000000e+00
   1.0866666e+02  -6.2321403e+01   2.0000000e+00
   1.0900000e+02  -6.2308313e+01   2.0000000e+00
   1.0933334e+02  -6.2302250e+01   2.0000000e+00
   1.0966666e+02  -6.2282888e+01   2.0000000e+00
   1.1000000e+02  -6.2254808e+01   2.0000000e+00
   1.1033334e+02  -6.2237895e+01   2.0000000e+00
   1.1035530e+02  -6.2237534e+01   2.0000000e+00
   1.1066666e+02  -6.2232540e+01   2.0000000e+00
   1.1100000e+02  -6.2230309e+01   2.0000000e+00
   1.1133334e+02  -6.2237012e+01   2.0000000e+00
   1.1134619e+02  -6.2237534e+01   2.0000000e+00
   1.1166666e+02  -6.2251619e+01   2.0000000e+00
   1.1200000e+02  -6.2271992e+01   2.0000000e+00
   1.1233334e+02  -6.2304355e+01   2.0000000e+00
   1.1266666e+02  -6.2352415e+01   2.0000000e+00
   1.1289247e+02  -6.2392406e+01   2.0000000e+00
   1.1300000e+02  -6.2409319e+01   2.0000000e+00
   1.1333334e+02  -6.2459638e+01   2.0000000e+00
   1.1366666e+02  -6.2493022e+01   2.0000000e+00
   1.1400000e+02  -6.2512549e+01   2.0000000e+00
   1.1433334e+02  -6.2532486e+01   2.0000000e+00
   1.1449438e+02  -6.2546478e+01   2.0000000e+00
   1.1466666e+02  -6.2560047e+01   2.0000000e+00
   1.1500000e+02  -6.2593802e+01   2.0000000e+00
   1.1533334e+02  -6.2639399e+01   2.0000000e+00
   1.1566666e+02  -6.2685422e+01   2.0000000e+00
   1.1577878e+02  -6.2699757e+01   2.0000000e+00
   1.1600000e+02  -6.2724192e+01   2.0000000e+00
   1.1633334e+02  -6.2752600e+01   2.0000000e+00
   1.1666666e+02  -6.2775831e+01   2.0000000e+00
   1.1700000e+02  -6.2792384e+01   2.0000000e+00
   1.1733334e+02  -6.2803922e+01   2.0000000e+00
   1.1766666e+02  -6.2822435e+01   2.0000000e+00
   1.1794631e+02  -6.2852249e+01   2.0000000e+00
   1.1800000e+02  -6.2858100e+01   2.0000000e+00
   1.1833334e+02  -6.2897191e+01   2.0000000e+00
   1.1866666e+02  -6.2925162e+01   2.0000000e+00
   1.1900000e+02  -6.2943971e+01   2.0000000e+00
   1.1933334e+02  -6.2961994e+01   2.0000000e+00
   1.1966666e+02  -6.2970671e+01   2.0000000e+00
   1.2000000e+02  -6.2972188e+01   2.0000000e+00
   1.2033334e+02  -6.2979359e+01   2.0000000e+00
   1.2066666e+02  -6.2994721e+01   2.0000000e+00
   1.2082315e+02  -6.3003952e+01   2.0000000e+00
   1.2100000e+02  -6.3015079e+01   2.0000000e+00
   1.2133334e+02  -6.3040551e+01   2.0000000e+00
   1.2166666e+02  -6.3072947e+01   2.0000000e+00
   1.2200000e+02  -6.3111594e+01   2.0000000e+00
   1.2233334e+02  -6.3149791e+01   2.0000000e+00
   1.2238648e+02  -6.3154869e+01   2.0000000e+00
   1.2266666e+02  -6.3182437e+01   2.0000000e+00
   1.2300000e+02  -6.3212156e+01   2.0000000e+00
   1.2333334e+02  -6.3242928e+01   2.0000000e+00
   1.2366666e+02  -6.3274033e+01   2.0000000e+00
   1.2400000e+02  -6.3304309e+01   2.0000000e+00
   1.2400654e+02  -6.3305004e+01   2.0000000e+00
   1.2433334e+02  -6.3336330e+01   2.0000000e+00
   1.2466666e+02  -6.3372781e+01   2.0000000e+00
   1.2500000e+02  -6.3410581e+01   2.0000000e+00
   1.2533334e+02  -6.3449218e+01   2.0000000e+00
   1.2538473e+02  -6.3454365e+01   2.0000000e+00
   1.2566666e+02  -6.3484946e+01   2.0000000e+00
   1.2600000e+02  -6.3507340e+01   2.0000000e+00
   1.2633334e+02  -6.3532229e+01   2.0000000e+00
   1.2666666e+02  -6.3560711e+01   2.0000000e+00
   1.2700000e+02  -6.3594661e+01   2.0000000e+00
   1.2706205e+02  -6.3602947e+01   2.0000000e+00
   1.2733334e+02  -6.3633894e+01   2.0000000e+00
   1.2766666e+02  -6.3658939e+01   2.0000000e+00
   1.2800000e+02  -6.3674750e+01   2.0000000e+00
   1.2833333e+02  -6.3681121e+01   2.0000000e+00
   1.2866667e+02  -6.3690181e+01   2.0000000e+00
   1.2900000e+02  -6.3681083e+01   2.0000000e+00
   1.2933333e+02  -6.3664866e+01   2.0000000e+00
   1.2966667e+02  -6.3652151e+01   2.0000000e+00
   1.3000000e+02  -6.3640741e+01   2.0000000e+00
   1.3033333e+02  -6.3629783e+01   2.0000000e+00
   1.3066667e+02  -6.3615185e+01   2.0000000e+00
   1.3083043e+02  -6.3602947e+01   2.0000000e+00
   1.3100000e+02  -6.3590235e+01   2.0000000e+00
   1.3133333e+02  -6.3549288e+01   2.0000000e+00
   1.3166667e+02  -6.3510271e+01   2.0000000e+00
   1.3200000e+02  -6.3475029e+01   2.0000000e+00
   1.3222902e+02  -6.3454365e+01   2.0000000e+00
   1.3233333e+02  -6.3446655e+01   2.0000000e+00
   1.3266667e+02  -6.3431299e+01   2.0000000e+00
   1.3300000e+02  -6.3425364e+01   2.0000000e+00
   1.3333333e+02  -6.3426807e+01   2.0000000e+00
   1.3366667e+02  -6.3425563e+01   2.0000000e+00
   1.3400000e+02  -6.3418285e+01   2.0000000e+00
   1.3433333e+02  -6.3414417e+01   2.0000000e+00
   1.3466667e+02  -6.3413431e+01   2.0000000e+00
   1.3500000e+02  -6.3418672e+01   2.0000000e+00
   1.3533333e+02  -6.3430222e+01   2.0000000e+00
   1.3566667e+02  -6.3450132e+01   2.0000000e+00
   1.3573680e+02  -6.3454365e+01   2.0000000e+00
   1.3600000e+02  -6.3471778e+01   2.0000000e+00
   1.3633333e+02  -6.3483723e+01   2.0000000e+00
   1.3666667e+02  -6.3487409e+01   2.0000000e+00
   1.3700000e+02  -6.3492790e+01   2.0000000e+00
   1.3733333e+02  -6.3501004e+01   2.0000000e+00
   1.3766667e+02  -6.3509913e+01   2.0000000e+00
   1.3800000e+02  -6.3509417e+01   2.0000000e+00
   1.3833333e+02  -6.3522240e+01   2.0000000e+00
   1.3866667e+02  -6.3535661e+01   2.0000000e+00
   1.3900000e+02  -6.3551855e+01   2.0000000e+00
   1.3933333e+02  -6.3576426e+01   2.0000000e+00
   1.3966573e+02  -6.3602947e+01   2.0000000e+00
   1.3966667e+02  -6.3603024e+01   2.0000000e+00
   1.4000000e+02  -6.3628069e+01   2.0000000e+00
   1.4033333e+02  -6.3652970e+01   2.0000000e+00
   1.4066667e+02  -6.3678559e+01   2.0000000e+00
   1.4100000e+02  -6.3705071e+01   2.0000000e+00
   1.4133333e+02  -6.3734294e+01   2.0000000e+00
   1.4148384e+02  -6.3750755e+01   2.0000000e+00
   1.4166667e+02  -6.3774094e+01   2.0000000e+00
   1.4200000e+02  -6.3826256e+01   2.0000000e+00
   1.4233333e+02  -6.3879040e+01   2.0000000e+00
   1.4245740e+02  -6.3897800e+01   2.0000000e+00
   1.4266667e+02  -6.3928400e+01   2.0000000e+00
   1.4300000e+02  -6.3978419e+01   2.0000000e+00
   1.4333333e+02  -6.4028018e+01   2.0000000e+00
   1.4344513e+02  -6.4044075e+01   2.0000000e+00
   1.4366667e+02  -6.4076873e+01   2.0000000e+00
   1.4400000e+02  -6.4124812e+01   2.0000000e+00
   1.4433333e+02  -6.4168181e+01   2.0000000e+00
   1.4452375e+02  -6.4189583e+01   2.0000000e+00
   1.4466667e+02  -6.4205022e+01   2.0000000e+00
   1.4500000e+02  -6.4245426e+01   2.0000000e+00
   1.4533333e+02  -6.4284939e+01   2.0000000e+00
   1.4566667e+02  -6.4321357e+01   2.0000000e+00
   1.4582923e+02  -6.4334335e+01   2.0000000e+00
   1.4600000e+02  -6.4349633e+01   2.0000000e+00
   1.4633333e+02  -6.4384354e+01   2.0000000e+00
   1.4666667e+02  -6.4420911e+01   2.0000000e+00
   1.4700000e+02  -6.4458112e+01   2.0000000e+00
   1.4728535e+02  -6.4478333e+01   2.0000000e+00
   1.4700000e+02  -6.4494577e+01   2.0000000e+00
   1.4666667e+02  -6.4525801e+01   2.0000000e+00
   1.4633333e+02  -6.4559353e+01   2.0000000e+00
   1.4600000e+02  -6.4600231e+01   2.0000000e+00
   1.4590921e+02  -6.4621574e+01   2.0000000e+00
   1.4600000e+02  -6.4646694e+01   2.0000000e+00
   1.4633333e+02  -6.4702534e+01   2.0000000e+00
   1.4666667e+02  -6.4752791e+01   2.0000000e+00
   1.4675093e+02  -6.4764061e+01   2.0000000e+00
   1.4700000e+02  -6.4789721e+01   2.0000000e+00
   1.4733333e+02  -6.4797921e+01   2.0000000e+00
   1.4766667e+02  -6.4826767e+01   2.0000000e+00
   1.4800000e+02  -6.4862899e+01   2.0000000e+00
   1.4833333e+02  -6.4891565e+01   2.0000000e+00
   1.4866667e+02  -6.4830587e+01   2.0000000e+00
   1.4900000e+02  -6.4850410e+01   2.0000000e+00
   1.4933333e+02  -6.4872895e+01   2.0000000e+00
   1.4966667e+02  -6.4889214e+01   2.0000000e+00
   1.5000000e+02  -6.4872848e+01   2.0000000e+00
   1.5033333e+02  -6.4872139e+01   2.0000000e+00
   1.5066667e+02  -6.4873001e+01   2.0000000e+00
   1.5100000e+02  -6.4866004e+01   2.0000000e+00
   1.5126156e+02  -6.4764061e+01   2.0000000e+00
   1.5133333e+02  -6.4734614e+01   2.0000000e+00
   1.5166667e+02  -6.4692083e+01   2.0000000e+00
   1.5200000e+02  -6.4638649e+01   2.0000000e+00
   1.5207332e+02  -6.4621574e+01   2.0000000e+00
   1.5200000e+02  -6.4604609e+01   2.0000000e+00
   1.5166667e+02  -6.4548764e+01   2.0000000e+00
   1.5139046e+02  -6.4478333e+01   2.0000000e+00
   1.5166667e+02  -6.4410331e+01   2.0000000e+00
   1.5200000e+02  -6.4347021e+01   2.0000000e+00
   1.5204343e+02  -6.4334335e+01   2.0000000e+00
   1.5233333e+02  -6.4249519e+01   2.0000000e+00
   1.5249872e+02  -6.4334335e+01   2.0000000e+00
   1.5266667e+02  -6.4428021e+01   2.0000000e+00
   1.5291370e+02  -6.4334335e+01   2.0000000e+00
   1.5300000e+02  -6.4300785e+01   2.0000000e+00
   1.5330283e+02  -6.4189583e+01   2.0000000e+00
   1.5333333e+02  -6.4175435e+01   2.0000000e+00
   1.5358439e+02  -6.4044075e+01   2.0000000e+00
   1.5333333e+02  -6.4002429e+01   2.0000000e+00
   1.5300000e+02  -6.3945740e+01   2.0000000e+00
   1.5271851e+02  -6.3897800e+01   2.0000000e+00
   1.5298807e+02  -6.3750755e+01   2.0000000e+00
   1.5300000e+02  -6.3744460e+01   2.0000000e+00
   1.5324204e+02  -6.3602947e+01   2.0000000e+00
   1.5333333e+02  -6.3549027e+01   2.0000000e+00
   1.5349698e+02  -6.3454365e+01   2.0000000e+00
   1.5366667e+02  -6.3327659e+01   2.0000000e+00
   1.5370213e+02  -6.3305004e+01   2.0000000e+00
   1.5394302e+02  -6.3154869e+01   2.0000000e+00
   1.5400000e+02  -6.3113940e+01   2.0000000e+00
   1.5414786e+02  -6.3003952e+01   2.0000000e+00
   1.5433333e+02  -6.2881806e+01   2.0000000e+00
   1.5438286e+02  -6.2852249e+01   2.0000000e+00
   1.5466667e+02  -6.2765380e+01   2.0000000e+00
   1.5490542e+02  -6.2699757e+01   2.0000000e+00
   1.5500000e+02  -6.2662650e+01   2.0000000e+00
   1.5533333e+02  -6.2551658e+01   2.0000000e+00
   1.5535145e+02  -6.2546478e+01   2.0000000e+00
   1.5566667e+02  -6.2466840e+01   2.0000000e+00
   1.5600000e+02  -6.2394039e+01   2.0000000e+00
   1.5600708e+02  -6.2392406e+01   2.0000000e+00
   1.5633333e+02  -6.2313939e+01   2.0000000e+00
   1.5666667e+02  -6.2248622e+01   2.0000000e+00
   1.5677759e+02  -6.2237534e+01   2.0000000e+00
   1.5700000e+02  -6.2218597e+01   2.0000000e+00
   1.5733333e+02  -6.2193326e+01   2.0000000e+00
   1.5766667e+02  -6.2160828e+01   2.0000000e+00
   1.5800000e+02  -6.2122535e+01   2.0000000e+00
   1.5833333e+02  -6.2093665e+01   2.0000000e+00
   1.5857157e+02  -6.2081867e+01   2.0000000e+00
   1.5866667e+02  -6.2076949e+01   2.0000000e+00
   1.5900000e+02  -6.2072100e+01   2.0000000e+00
   1.5933333e+02  -6.2077743e+01   2.0000000e+00
   1.5939918e+02  -6.2081867e+01   2.0000000e+00
   1.5966667e+02  -6.2096396e+01   2.0000000e+00
   1.6000000e+02  -6.2118342e+01   2.0000000e+00
   1.6033333e+02  -6.2138341e+01   2.0000000e+00
   1.6066667e+02  -6.2154324e+01   2.0000000e+00
   1.6100000e+02  -6.2170038e+01   2.0000000e+00
   1.6133333e+02  -6.2189333e+01   2.0000000e+00
   1.6166667e+02  -6.2206889e+01   2.0000000e+00
   1.6200000e+02  -6.2222978e+01   2.0000000e+00
   1.6222999e+02  -6.2237534e+01   2.0000000e+00
   1.6233333e+02  -6.2243472e+01   2.0000000e+00
   1.6266667e+02  -6.2265718e+01   2.0000000e+00
   1.6300000e+02  -6.2287791e+01   2.0000000e+00
   1.6333333e+02  -6.2320422e+01   2.0000000e+00
   1.6366667e+02  -6.2363294e+01   2.0000000e+00
   1.6384624e+02  -6.2392406e+01   2.0000000e+00
   1.6400000e+02  -6.2418025e+01   2.0000000e+00
   1.6433333e+02  -6.2481145e+01   2.0000000e+00
   1.6466667e+02  -6.2538127e+01   2.0000000e+00
   1.6471997e+02  -6.2546478e+01   2.0000000e+00
   1.6500000e+02  -6.2590081e+01   2.0000000e+00
   1.6533333e+02  -6.2628327e+01   2.0000000e+00
   1.6566667e+02  -6.2665957e+01   2.0000000e+00
   1.6592579e+02  -6.2699757e+01   2.0000000e+00
   1.6600000e+02  -6.2708666e+01   2.0000000e+00
   1.6633333e+02  -6.2753799e+01   2.0000000e+00
   1.6666667e+02  -6.2804149e+01   2.0000000e+00
   1.6697349e+02  -6.2852249e+01   2.0000000e+00
   1.6700000e+02  -6.2856469e+01   2.0000000e+00
   1.6733333e+02  -6.2923689e+01   2.0000000e+00
   1.6766667e+02  -6.2982682e+01   2.0000000e+00
   1.6778510e+02  -6.3003952e+01   2.0000000e+00
   1.6800000e+02  -6.3056967e+01   2.0000000e+00
   1.6833333e+02  -6.3142336e+01   2.0000000e+00
   1.6837337e+02  -6.3154869e+01   2.0000000e+00
   1.6866667e+02  -6.3243697e+01   2.0000000e+00
   1.6886045e+02  -6.3305004e+01   2.0000000e+00
   1.6900000e+02  -6.3343789e+01   2.0000000e+00
   1.6933333e+02  -6.3430416e+01   2.0000000e+00
   1.6943103e+02  -6.3454365e+01   2.0000000e+00
   1.6966667e+02  -6.3530194e+01   2.0000000e+00
   1.6989338e+02  -6.3602947e+01   2.0000000e+00
   1.7000000e+02  -6.3641900e+01   2.0000000e+00
   1.7029171e+02  -6.3750755e+01   2.0000000e+00
   1.7033333e+02  -6.3765633e+01   2.0000000e+00
   1.7066667e+02  -6.3887553e+01   2.0000000e+00
   1.7069724e+02  -6.3897800e+01   2.0000000e+00
   1.7100000e+02  -6.4004944e+01   2.0000000e+00
   1.7116678e+02  -6.4044075e+01   2.0000000e+00
   1.7133333e+02  -6.4091931e+01   2.0000000e+00
   1.7158484e+02  -6.4189583e+01   2.0000000e+00
   1.7166667e+02  -6.4221498e+01   2.0000000e+00
   1.7191469e+02  -6.4334335e+01   2.0000000e+00
   1.7200000e+02  -6.4374351e+01   2.0000000e+00
   1.7225223e+02  -6.4478333e+01   2.0000000e+00
   1.7200000e+02  -6.4589848e+01   2.0000000e+00
   1.7192754e+02  -6.4621574e+01   2.0000000e+00
   1.7200000e+02  -6.4698263e+01   2.0000000e+00
   1.7206240e+02  -6.4764061e+01   2.0000000e+00
   1.7233333e+02  -6.4875184e+01   2.0000000e+00
   1.7265102e+02  -6.4905807e+01   2.0000000e+00
   1.7266667e+02  -6.4908135e+01   2.0000000e+00
   1.7292140e+02  -6.5046806e+01   2.0000000e+00
   1.7266667e+02  -6.5090172e+01   2.0000000e+00
   1.8356308e+02  -6.6681793e+01   3.0000000e+00
   1.8366667e+02  -6.6670339e+01   3.0000000e+00
   1.8400000e+02  -6.6649934e+01   3.0000000e+00
   1.8433333e+02  -6.6603843e+01   3.0000000e+00
   1.8452940e+02  -6.6549492e+01   3.0000000e+00
   1.8466667e+02  -6.6520037e+01   3.0000000e+00
   1.8500000e+02  -6.6481519e+01   3.0000000e+00
   1.8533333e+02  -6.6452155e+01   3.0000000e+00
   1.8555409e+02  -6.6416489e+01   3.0000000e+00
   1.8566667e+02  -6.6398974e+01   3.0000000e+00
   1.8600000e+02  -6.6310925e+01   3.0000000e+00
   1.8614254e+02  -6.6282768e+01   3.0000000e+00
   1.8633333e+02  -6.6253104e+01   3.0000000e+00
   1.8666667e+02  -6.6227632e+01   3.0000000e+00
   1.8700000e+02  -6.6174342e+01   3.0000000e+00
   1.8707430e+02  -6.6148338e+01   3.0000000e+00
   1.8733333e+02  -6.6034263e+01   3.0000000e+00
   1.8741598e+02  -6.6013184e+01   3.0000000e+00
   1.8766667e+02  -6.5968809e+01   3.0000000e+00
   1.8800000e+02  -6.5941412e+01   3.0000000e+00
   1.8833333e+02  -6.5892517e+01   3.0000000e+00
   1.8843568e+02  -6.5877319e+01   3.0000000e+00
   1.8866667e+02  -6.5840865e+01   3.0000000e+00
   1.8900000e+02  -6.5790033e+01   3.0000000e+00
   1.8933333e+02  -6.5756358e+01   3.0000000e+00
   1.8945243e+02  -6.5740723e+01   3.0000000e+00
   1.8966667e+02  -6.5643987e+01   3.0000000e+00
   1.9000000e+02  -6.5629601e+01   3.0000000e+00
   1.9015673e+02  -6.5603409e+01   3.0000000e+00
   1.9033333e+02  -6.5582537e+01   3.0000000e+00
   1.9066667e+02  -6.5546283e+01   3.0000000e+00
   1.9100000e+02  -6.5502578e+01   3.0000000e+00
   1.9133333e+02  -6.5496643e+01   3.0000000e+00
   1.9160636e+02  -6.5465355e+01   3.0000000e+00
   1.9166667e+02  -6.5459472e+01   3.0000000e+00
   1.9200000e+02  -6.5440651e+01   3.0000000e+00
   1.9233333e+02  -6.5418811e+01   3.0000000e+00
   1.9266667e+02  -6.5396809e+01   3.0000000e+00
   1.9300000e+02  -6.5377088e+01   3.0000000e+00
   1.9333333e+02  -6.5356127e+01   3.0000000e+00
   1.9360074e+02  -6.5326576e+01   3.0000000e+00
   1.9366667e+02  -6.5319022e+01   3.0000000e+00
   1.9400000e+02  -6.5270260e+01   3.0000000e+00
   1.9433333e+02  -6.5225807e+01   3.0000000e+00
   1.9466667e+02  -6.5197911e+01   3.0000000e+00
   1.9475678e+02  -6.5187057e+01   3.0000000e+00
   1.9500000e+02  -6.5151261e+01   3.0000000e+00
   1.9533333e+02  -6.5096567e+01   3.0000000e+00
   1.9566667e+02  -6.5055908e+01   3.0000000e+00
   1.9579643e+02  -6.5046806e+01   3.0000000e+00
   1.9600000e+02  -6.5035677e+01   3.0000000e+00
   1.9633333e+02  -6.5008838e+01   3.0000000e+00
   1.9666667e+02  -6.4977728e+01   3.0000000e+00
   1.9700000e+02  -6.4952307e+01   3.0000000e+00
   1.9733333e+02  -6.4932703e+01   3.0000000e+00
   1.9764579e+02  -6.4905807e+01   3.0000000e+00
   1.9766667e+02  -6.4904168e+01   3.0000000e+00
   1.9800000e+02  -6.4876868e+01   3.0000000e+00
   1.9833333e+02  -6.4850328e+01   3.0000000e+00
   1.9866667e+02  -6.4828995e+01   3.0000000e+00
   1.9900000e+02  -6.4791812e+01   3.0000000e+00
   1.9913382e+02  -6.4764061e+01   3.0000000e+00
   1.9933333e+02  -6.4724659e+01   3.0000000e+00
   1.9966667e+02  -6.4670695e+01   3.0000000e+00
   1.9993993e+02  -6.4621574e+01   3.0000000e+00
   2.0000000e+02  -6.4572208e+01   3.0000000e+00
   2.0009431e+02  -6.4478333e+01   3.0000000e+00
   2.0033333e+02  -6.4421090e+01   3.0000000e+00
   2.0063499e+02  -6.4334335e+01   3.0000000e+00
   2.0066667e+02  -6.4324367e+01   3.0000000e+00
   2.0100000e+02  -6.4248896e+01   3.0000000e+00
   2.0131682e+02  -6.4189583e+01   3.0000000e+00
   2.0133333e+02  -6.4186169e+01   3.0000000e+00
   2.0166667e+02  -6.4119091e+01   3.0000000e+00
   2.0200000e+02  -6.4065702e+01   3.0000000e+00
   2.0209663e+02  -6.4044075e+01   3.0000000e+00
   2.0233333e+02  -6.3999656e+01   3.0000000e+00
   2.0266667e+02  -6.3933411e+01   3.0000000e+00
   2.0281459e+02  -6.3897800e+01   3.0000000e+00
   2.0300000e+02  -6.3849560e+01   3.0000000e+00
   2.0328507e+02  -6.3750755e+01   3.0000000e+00
   2.0333333e+02  -6.3733826e+01   3.0000000e+00
   2.0366667e+02  -6.3633122e+01   3.0000000e+00
   2.0377301e+02  -6.3602947e+01   3.0000000e+00
   2.0400000e+02  -6.3534030e+01   3.0000000e+00
   2.0424767e+02  -6.3454365e+01   3.0000000e+00
   2.0433333e+02  -6.3426718e+01   3.0000000e+00
   2.0466667e+02  -6.3311449e+01   3.0000000e+00
   2.0468591e+02  -6.3305004e+01   3.0000000e+00
   2.0500000e+02  -6.3200440e+01   3.0000000e+00
   2.0512098e+02  -6.3154869e+01   3.0000000e+00
   2.0533333e+02  -6.3067755e+01   3.0000000e+00
   2.0547610e+02  -6.3003952e+01   3.0000000e+00
   2.0566667e+02  -6.2922192e+01   3.0000000e+00
   2.0583710e+02  -6.2852249e+01   3.0000000e+00
   2.0600000e+02  -6.2782309e+01   3.0000000e+00
   2.0618453e+02  -6.2699757e+01   3.0000000e+00
   2.0633333e+02  -6.2639556e+01   3.0000000e+00
   2.0654143e+02  -6.2546478e+01   3.0000000e+00
   2.0666667e+02  -6.2488923e+01   3.0000000e+00
   2.0685312e+02  -6.2392406e+01   3.0000000e+00
   2.0700000e+02  -6.2297108e+01   3.0000000e+00
   2.0709850e+02  -6.2237534e+01   3.0000000e+00
   2.0727350e+02  -6.2081867e+01   3.0000000e+00
   2.0733333e+02  -6.2038386e+01   3.0000000e+00
   2.0746922e+02  -6.1925392e+01   3.0000000e+00
   2.0765826e+02  -6.1768116e+01   3.0000000e+00
   2.0766667e+02  -6.1761169e+01   3.0000000e+00
   2.0783942e+02  -6.1610031e+01   3.0000000e+00
   2.0800000e+02  -6.1468766e+01   3.0000000e+00
   2.0802056e+02  -6.1451138e+01   3.0000000e+00
   2.0824118e+02  -6.1291428e+01   3.0000000e+00
   2.0833333e+02  -6.1212469e+01   3.0000000e+00
   2.0843556e+02  -6.1130898e+01   3.0000000e+00
   2.0861630e+02  -6.0969551e+01   3.0000000e+00
   2.0866667e+02  -6.0932812e+01   3.0000000e+00
   2.0883192e+02  -6.0807381e+01   3.0000000e+00
   2.0900000e+02  -6.0669824e+01   3.0000000e+00
   2.0902844e+02  -6.0644386e+01   3.0000000e+00
   2.0922471e+02  -6.0480560e+01   3.0000000e+00
   2.0933333e+02  -6.0414136e+01   3.0000000e+00
   2.0948977e+02  -6.0315907e+01   3.0000000e+00
   2.0966667e+02  -6.0188938e+01   3.0000000e+00
   2.0972300e+02  -6.0150417e+01   3.0000000e+00
   2.0995642e+02  -5.9984089e+01   3.0000000e+00
   2.1000000e+02  -5.9960851e+01   3.0000000e+00
   2.1029154e+02  -5.9816921e+01   3.0000000e+00
   2.1033333e+02  -5.9794224e+01   3.0000000e+00
   2.1063287e+02  -5.9648911e+01   3.0000000e+00
   2.1066667e+02  -5.9633163e+01   3.0000000e+00
   2.1100000e+02  -5.9498662e+01   3.0000000e+00
   2.1105696e+02  -5.9480057e+01   3.0000000e+00
   2.1133333e+02  -5.9412264e+01   3.0000000e+00
   2.1166667e+02  -5.9332147e+01   3.0000000e+00
   2.1176866e+02  -5.9310352e+01   3.0000000e+00
   2.1200000e+02  -5.9261994e+01   3.0000000e+00
   2.1233333e+02  -5.9226685e+01   3.0000000e+00
   2.1266667e+02  -5.9211635e+01   3.0000000e+00
   2.1300000e+02  -5.9209541e+01   3.0000000e+00
   2.1333333e+02  -5.9233677e+01   3.0000000e+00
   2.1366667e+02  -5.9280193e+01   3.0000000e+00
   2.1381052e+02  -5.9310352e+01   3.0000000e+00
   2.1400000e+02  -5.9349474e+01   3.0000000e+00
   2.1433333e+02  -5.9434738e+01   3.0000000e+00
   2.1453178e+02  -5.9480057e+01   3.0000000e+00
   2.1466667e+02  -5.9519972e+01   3.0000000e+00
   2.1500000e+02  -5.9612915e+01   3.0000000e+00
   2.1510959e+02  -5.9648911e+01   3.0000000e+00
   2.1533333e+02  -5.9729350e+01   3.0000000e+00
   2.1558242e+02  -5.9816921e+01   3.0000000e+00
   2.1566667e+02  -5.9846989e+01   3.0000000e+00
   2.1600000e+02  -5.9976174e+01   3.0000000e+00
   2.1601717e+02  -5.9984089e+01   3.0000000e+00
   2.1623961e+02  -6.0150417e+01   3.0000000e+00
   2.1633333e+02  -6.0230197e+01   3.0000000e+00
   2.1642089e+02  -6.0315907e+01   3.0000000e+00
   2.1659035e+02  -6.0480560e+01   3.0000000e+00
   2.1666667e+02  -6.0619936e+01   3.0000000e+00
   2.1667975e+02  -6.0644386e+01   3.0000000e+00
   2.1677858e+02  -6.0807381e+01   3.0000000e+00
   2.1687556e+02  -6.0969551e+01   3.0000000e+00
   2.1688231e+02  -6.1130898e+01   3.0000000e+00
   2.1686145e+02  -6.1291428e+01   3.0000000e+00
   2.1687074e+02  -6.1451138e+01   3.0000000e+00
   2.1684571e+02  -6.1610031e+01   3.0000000e+00
   2.1684192e+02  -6.1768116e+01   3.0000000e+00
   2.1680441e+02  -6.1925392e+01   3.0000000e+00
   2.1671248e+02  -6.2081867e+01   3.0000000e+00
   2.1666667e+02  -6.2131362e+01   3.0000000e+00
   2.1657048e+02  -6.2237534e+01   3.0000000e+00
   2.1644955e+02  -6.2392406e+01   3.0000000e+00
   2.1633333e+02  -6.2536947e+01   3.0000000e+00
   2.1632562e+02  -6.2546478e+01   3.0000000e+00
   2.1621845e+02  -6.2699757e+01   3.0000000e+00
   2.1609163e+02  -6.2852249e+01   3.0000000e+00
   2.1600000e+02  -6.2982958e+01   3.0000000e+00
   2.1598385e+02  -6.3003952e+01   3.0000000e+00
   2.1589407e+02  -6.3154869e+01   3.0000000e+00
   2.1581298e+02  -6.3305004e+01   3.0000000e+00
   2.1572793e+02  -6.3454365e+01   3.0000000e+00
   2.1573862e+02  -6.3602947e+01   3.0000000e+00
   2.1576778e+02  -6.3750755e+01   3.0000000e+00
   2.1577072e+02  -6.3897800e+01   3.0000000e+00
   2.1570467e+02  -6.4044075e+01   3.0000000e+00
   2.1568262e+02  -6.4189583e+01   3.0000000e+00
   2.1566667e+02  -6.4237721e+01   3.0000000e+00
   2.1563205e+02  -6.4334335e+01   3.0000000e+00
   2.1556670e+02  -6.4478333e+01   3.0000000e+00
   2.1533333e+02  -6.4544566e+01   3.0000000e+00
   2.1501662e+02  -6.4621574e+01   3.0000000e+00
   2.1500000e+02  -6.4642760e+01   3.0000000e+00
   2.1487450e+02  -6.4764061e+01   3.0000000e+00
   2.1475965e+02  -6.4905807e+01   3.0000000e+00
   2.1473780e+02  -6.5046806e+01   3.0000000e+00
   2.1494070e+02  -6.5187057e+01   3.0000000e+00
   2.1497230e+02  -6.5326576e+01   3.0000000e+00
   2.1497926e+02  -6.5465355e+01   3.0000000e+00
   2.1500000e+02  -6.5573680e+01   3.0000000e+00
   2.1500388e+02  -6.5603409e+01   3.0000000e+00
   2.1511967e+02  -6.5740723e+01   3.0000000e+00
   2.1513618e+02  -6.5877319e+01   3.0000000e+00
   2.1513017e+02  -6.6013184e+01   3.0000000e+00
   2.1510881e+02  -6.6148338e+01   3.0000000e+00
   2.1517343e+02  -6.6282768e+01   3.0000000e+00
   2.1515007e+02  -6.6416489e+01   3.0000000e+00
   2.1507613e+02  -6.6549492e+01   3.0000000e+00
   2.1500000e+02  -6.6650784e+01   3.0000000e+00
   2.1497358e+02  -6.6681793e+01   3.0000000e+00
   2.8200000e+02  -6.8746099e+01   4.0000000e+00
   2.8233334e+02  -6.8746327e+01   4.0000000e+00
   2.8244805e+02  -6.8704781e+01   4.0000000e+00
   2.8266666e+02  -6.8625459e+01   4.0000000e+00
   2.8300000e+02  -6.8625548e+01   4.0000000e+00
   2.8333334e+02  -6.8622395e+01   4.0000000e+00
   2.8366666e+02  -6.8622529e+01   4.0000000e+00
   2.8377412e+02  -6.8583397e+01   4.0000000e+00
   2.8377427e+02  -6.8461349e+01   4.0000000e+00
   2.8400000e+02  -6.8378761e+01   4.0000000e+00
   2.8410899e+02  -6.8338638e+01   4.0000000e+00
   2.8411194e+02  -6.8215271e+01   4.0000000e+00
   2.8433334e+02  -6.8133621e+01   4.0000000e+00
   2.8444726e+02  -6.8091225e+01   4.0000000e+00
   2.8466666e+02  -6.8010030e+01   4.0000000e+00
   2.8478297e+02  -6.7966515e+01   4.0000000e+00
   2.8478416e+02  -6.7841125e+01   4.0000000e+00
   2.8478537e+02  -6.7715065e+01   4.0000000e+00
   2.8478647e+02  -6.7588318e+01   4.0000000e+00
   2.8478770e+02  -6.7460892e+01   4.0000000e+00
   2.8500000e+02  -6.7379787e+01   4.0000000e+00
   2.8533334e+02  -6.7379458e+01   4.0000000e+00
   2.8554582e+02  -6.7460892e+01   4.0000000e+00
   2.8566666e+02  -6.7507088e+01   4.0000000e+00
   2.8578750e+02  -6.7460892e+01   4.0000000e+00
   2.8600000e+02  -6.7379098e+01   4.0000000e+00
   2.8633334e+02  -6.7378700e+01   4.0000000e+00
   2.8645283e+02  -6.7332771e+01   4.0000000e+00
   2.8644686e+02  -6.7203972e+01   4.0000000e+00
   2.8666666e+02  -6.7118209e+01   4.0000000e+00
   2.8677924e+02  -6.7074471e+01   4.0000000e+00
   2.8700000e+02  -6.6988218e+01   4.0000000e+00
   2.8711251e+02  -6.6944275e+01   4.0000000e+00
   2.8733334e+02  -6.6856658e+01   4.0000000e+00
   2.8744354e+02  -6.6813385e+01   4.0000000e+00
   2.8744245e+02  -6.6681793e+01   4.0000000e+00
   2.8744198e+02  -6.6549492e+01   4.0000000e+00
   2.8766666e+02  -6.6459232e+01   4.0000000e+00
   2.8800000e+02  -6.6458094e+01   4.0000000e+00
   2.8833334e+02  -6.6457285e+01   4.0000000e+00
   2.8843558e+02  -6.6416489e+01   4.0000000e+00
   2.8843493e+02  -6.6282768e+01   4.0000000e+00
   2.8866666e+02  -6.6188021e+01   4.0000000e+00
   2.8876506e+02  -6.6148338e+01   4.0000000e+00
   2.8900000e+02  -6.6051227e+01   4.0000000e+00
   2.8909383e+02  -6.6013184e+01   4.0000000e+00
   2.8909493e+02  -6.5877319e+01   4.0000000e+00
   2.8933334e+02  -6.5778644e+01   4.0000000e+00
   2.8966666e+02  -6.5777588e+01   4.0000000e+00
   2.8975662e+02  -6.5740723e+01   4.0000000e+00
   2.9000000e+02  -6.5640077e+01   4.0000000e+00
   2.9033334e+02  -6.5639599e+01   4.0000000e+00
   2.9042119e+02  -6.5603409e+01   4.0000000e+00
   2.9066666e+02  -6.5501422e+01   4.0000000e+00
   2.9075374e+02  -6.5465355e+01   4.0000000e+00
   2.9075635e+02  -6.5326576e+01   4.0000000e+00
   2.9075715e+02  -6.5187057e+01   4.0000000e+00
   2.9100000e+02  -6.5083858e+01   4.0000000e+00
   2.9108806e+02  -6.5046806e+01   4.0000000e+00
   2.9109022e+02  -6.4905807e+01   4.0000000e+00
   2.9109452e+02  -6.4764061e+01   4.0000000e+00
   2.9133334e+02  -6.4662492e+01   4.0000000e+00
   2.9142906e+02  -6.4621574e+01   4.0000000e+00
   2.9166666e+02  -6.4520174e+01   4.0000000e+00
   2.9176403e+02  -6.4478333e+01   4.0000000e+00
   2.9200000e+02  -6.4377660e+01   4.0000000e+00
   2.9233334e+02  -6.4376396e+01   4.0000000e+00
   2.9243070e+02  -6.4334335e+01   4.0000000e+00
   2.9243657e+02  -6.4189583e+01   4.0000000e+00
   2.9266666e+02  -6.4090517e+01   4.0000000e+00
   2.9300000e+02  -6.4089653e+01   4.0000000e+00
   2.9333334e+02  -6.4088588e+01   4.0000000e+00
   2.9343531e+02  -6.4044075e+01   4.0000000e+00
   2.9366666e+02  -6.3943943e+01   4.0000000e+00
   2.9377181e+02  -6.3897800e+01   4.0000000e+00
   2.9377702e+02  -6.3750755e+01   4.0000000e+00
   2.9378159e+02  -6.3602947e+01   4.0000000e+00
   2.9400000e+02  -6.3506651e+01   4.0000000e+00
   2.9433334e+02  -6.3505329e+01   4.0000000e+00
   2.9466666e+02  -6.3504212e+01   4.0000000e+00
   2.9477849e+02  -6.3454365e+01   4.0000000e+00
   2.9500000e+02  -6.3356115e+01   4.0000000e+00
   2.9511407e+02  -6.3305004e+01   4.0000000e+00
   2.9533334e+02  -6.3206929e+01   4.0000000e+00
   2.9544892e+02  -6.3154869e+01   4.0000000e+00
   2.9566666e+02  -6.3057294e+01   4.0000000e+00
   2.9578448e+02  -6.3003952e+01   4.0000000e+00
   2.9578836e+02  -6.2852249e+01   4.0000000e+00
   2.9600000e+02  -6.2755444e+01   4.0000000e+00
   2.9633334e+02  -6.2753962e+01   4.0000000e+00
   2.9666666e+02  -6.2752553e+01   4.0000000e+00
   2.9678207e+02  -6.2699757e+01   4.0000000e+00
   2.9678840e+02  -6.2546478e+01   4.0000000e+00
   2.9700000e+02  -6.2451083e+01   4.0000000e+00
   2.9733334e+02  -6.2450792e+01   4.0000000e+00
   2.9745965e+02  -6.2392406e+01   4.0000000e+00
   2.9766666e+02  -6.2298466e+01   4.0000000e+00
   2.9779780e+02  -6.2237534e+01   4.0000000e+00
   2.9800000e+02  -6.2146124e+01   4.0000000e+00
   2.9833334e+02  -6.2145029e+01   4.0000000e+00
   2.9846858e+02  -6.2081867e+01   4.0000000e+00
   2.9866666e+02  -6.1991375e+01   4.0000000e+00
   2.9880722e+02  -6.1925392e+01   4.0000000e+00
   2.9900000e+02  -6.1836034e+01   4.0000000e+00
   2.9933334e+02  -6.1834803e+01   4.0000000e+00
   2.9947467e+02  -6.1768116e+01   4.0000000e+00
   2.9966666e+02  -6.1678926e+01   4.0000000e+00
   3.0000000e+02  -6.1676712e+01   4.0000000e+00
   3.0033334e+02  -6.1673173e+01   4.0000000e+00
   3.0046647e+02  -6.1610031e+01   4.0000000e+00
   3.0066666e+02  -6.1516530e+01   4.0000000e+00
   3.0100000e+02  -6.1513794e+01   4.0000000e+00
   3.0133334e+02  -6.1511447e+01   4.0000000e+00
   3.0145986e+02  -6.1451138e+01   4.0000000e+00
   3.0166666e+02  -6.1350253e+01   4.0000000e+00
   3.0178944e+02  -6.1291428e+01   4.0000000e+00
   3.0200000e+02  -6.1188857e+01   4.0000000e+00
   3.0223284e+02  -6.1291428e+01   4.0000000e+00
   3.0233334e+02  -6.1339578e+01   4.0000000e+00
   3.0266666e+02  -6.1332526e+01   4.0000000e+00
   3.0275244e+02  -6.1291428e+01   4.0000000e+00
   3.0276755e+02  -6.1130898e+01   4.0000000e+00
   3.0300000e+02  -6.1019994e+01   4.0000000e+00
   3.0333334e+02  -6.1015341e+01   4.0000000e+00
   3.0342794e+02  -6.0969551e+01   4.0000000e+00
   3.0366666e+02  -6.0851496e+01   4.0000000e+00
   3.0400000e+02  -6.0846428e+01   4.0000000e+00
   3.0408026e+02  -6.0807381e+01   4.0000000e+00
   3.0433334e+02  -6.0685315e+01   4.0000000e+00
   3.0466666e+02  -6.0679291e+01   4.0000000e+00
   3.0497307e+02  -6.0807381e+01   4.0000000e+00
   3.0500000e+02  -6.0820481e+01   4.0000000e+00
   3.0532416e+02  -6.0807381e+01   4.0000000e+00
   3.0533334e+02  -6.0803437e+01   4.0000000e+00
   3.0566666e+02  -6.0689155e+01   4.0000000e+00
   3.0583593e+02  -6.0644386e+01   4.0000000e+00
   3.0600000e+02  -6.0598565e+01   4.0000000e+00
   3.0633334e+02  -6.0481634e+01   4.0000000e+00
   3.0637156e+02  -6.0480560e+01   4.0000000e+00
   3.0666666e+02  -6.0332259e+01   4.0000000e+00
   3.0670693e+02  -6.0315907e+01   4.0000000e+00
   3.0700000e+02  -6.0222889e+01   4.0000000e+00
   3.0733334e+02  -6.0160341e+01   4.0000000e+00
   3.0739075e+02  -6.0150417e+01   4.0000000e+00
   3.0766666e+02  -6.0100232e+01   4.0000000e+00
   3.0800000e+02  -6.0023747e+01   4.0000000e+00
   3.0818333e+02  -5.9984089e+01   4.0000000e+00
   3.0833334e+02  -5.9953749e+01   4.0000000e+00
   3.0866666e+02  -5.9895292e+01   4.0000000e+00
   3.0900000e+02  -5.9858322e+01   4.0000000e+00
   3.0933334e+02  -5.9822412e+01   4.0000000e+00
   3.0937387e+02  -5.9816921e+01   4.0000000e+00
   3.0966666e+02  -5.9778115e+01   4.0000000e+00
   3.1000000e+02  -5.9732165e+01   4.0000000e+00
   3.1033334e+02  -5.9689149e+01   4.0000000e+00
   3.1058691e+02  -5.9648911e+01   4.0000000e+00
   3.1066666e+02  -5.9636102e+01   4.0000000e+00
   3.1100000e+02  -5.9564443e+01   4.0000000e+00
   3.1133334e+02  -5.9489491e+01   4.0000000e+00
   3.1137625e+02  -5.9480057e+01   4.0000000e+00
   3.1166666e+02  -5.9424935e+01   4.0000000e+00
   3.1200000e+02  -5.9363390e+01   4.0000000e+00
   3.1228364e+02  -5.9310352e+01   4.0000000e+00
   3.1233334e+02  -5.9299735e+01   4.0000000e+00
   3.1266666e+02  -5.9223279e+01   4.0000000e+00
   3.1300000e+02  -5.9160954e+01   4.0000000e+00
   3.1312582e+02  -5.9139797e+01   4.0000000e+00
   3.1333334e+02  -5.9105800e+01   4.0000000e+00
   3.1366666e+02  -5.9054795e+01   4.0000000e+00
   3.1400000e+02  -5.9008749e+01   4.0000000e+00
   3.1430141e+02  -5.8968388e+01   4.0000000e+00
   3.1433334e+02  -5.8965098e+01   4.0000000e+00
   3.1466666e+02  -5.8928859e+01   4.0000000e+00
   3.1500000e+02  -5.8898509e+01   4.0000000e+00
   3.1533334e+02  -5.8821196e+01   4.0000000e+00
   3.1538186e+02  -5.8796120e+01   4.0000000e+00
   3.1566666e+02  -5.8678940e+01   4.0000000e+00
   3.1600000e+02  -5.8672550e+01   4.0000000e+00
   3.1633334e+02  -5.8795822e+01   4.0000000e+00
   3.1634233e+02  -5.8796120e+01   4.0000000e+00
   3.1666666e+02  -5.8811122e+01   4.0000000e+00
   3.1700000e+02  -5.8869371e+01   4.0000000e+00
   3.1733334e+02  -5.8931417e+01   4.0000000e+00
   3.1762226e+02  -5.8968388e+01   4.0000000e+00
   3.1766666e+02  -5.8975129e+01   4.0000000e+00
   3.1800000e+02  -5.9007194e+01   4.0000000e+00
   3.1833334e+02  -5.9042542e+01   4.0000000e+00
   3.1866666e+02  -5.9082370e+01   4.0000000e+00
   3.1900000e+02  -5.9134886e+01   4.0000000e+00
   3.1902628e+02  -5.9139797e+01   4.0000000e+00
   3.1933334e+02  -5.9195564e+01   4.0000000e+00
   3.1966666e+02  -5.9239606e+01   4.0000000e+00
   3.2000000e+02  -5.9274035e+01   4.0000000e+00
   3.2033334e+02  -5.9282979e+01   4.0000000e+00
   3.2066666e+02  -5.9270605e+01   4.0000000e+00
   3.2100000e+02  -5.9229168e+01   4.0000000e+00
   3.2133334e+02  -5.9180360e+01   4.0000000e+00
   3.2158939e+02  -5.9139797e+01   4.0000000e+00
   3.2166666e+02  -5.9126745e+01   4.0000000e+00
   3.2200000e+02  -5.9075574e+01   4.0000000e+00
   3.2233334e+02  -5.9041405e+01   4.0000000e+00
   3.2266666e+02  -5.9013762e+01   4.0000000e+00
   3.2300000e+02  -5.8990589e+01   4.0000000e+00
   3.2320232e+02  -5.8968388e+01   4.0000000e+00
   3.2333334e+02  -5.8953890e+01   4.0000000e+00
   3.2366666e+02  -5.8920684e+01   4.0000000e+00
   3.2400000e+02  -5.8890726e+01   4.0000000e+00
   3.2433334e+02  -5.8848371e+01   4.0000000e+00
   3.2466666e+02  -5.8796687e+01   4.0000000e+00
   3.2466983e+02  -5.8796120e+01   4.0000000e+00
   3.2500000e+02  -5.8737721e+01   4.0000000e+00
   3.2533334e+02  -5.8669103e+01   4.0000000e+00
   3.2550549e+02  -5.8622997e+01   4.0000000e+00
   3.2566666e+02  -5.8573371e+01   4.0000000e+00
   3.2600000e+02  -5.8459833e+01   4.0000000e+00
   3.2603582e+02  -5.8449009e+01   4.0000000e+00
   3.2633334e+02  -5.8370941e+01   4.0000000e+00
   3.2666666e+02  -5.8314529e+01   4.0000000e+00
   3.2700000e+02  -5.8275800e+01   4.0000000e+00
   3.2700921e+02  -5.8274158e+01   4.0000000e+00
   3.2733334e+02  -5.8210887e+01   4.0000000e+00
   3.2765796e+02  -5.8098438e+01   4.0000000e+00
   3.2766666e+02  -5.8095098e+01   4.0000000e+00
   3.2800000e+02  -5.7928930e+01   4.0000000e+00
   3.2801232e+02  -5.7921848e+01   4.0000000e+00
   3.2831365e+02  -5.7744385e+01   4.0000000e+00
   3.2833334e+02  -5.7732129e+01   4.0000000e+00
   3.2856486e+02  -5.7566048e+01   4.0000000e+00
   3.2866666e+02  -5.7486104e+01   4.0000000e+00
   3.2879143e+02  -5.7386833e+01   4.0000000e+00
   3.2900000e+02  -5.7206982e+01   4.0000000e+00
   3.2900031e+02  -5.7206738e+01   4.0000000e+00
   3.2922561e+02  -5.7025761e+01   4.0000000e+00
   3.2933334e+02  -5.6892255e+01   4.0000000e+00
   3.2937202e+02  -5.6843895e+01   4.0000000e+00
   3.2948561e+02  -5.6661144e+01   4.0000000e+00
   3.2957444e+02  -5.6477505e+01   4.0000000e+00
   3.2958677e+02  -5.6292969e+01   4.0000000e+00
   3.2957975e+02  -5.6107536e+01   4.0000000e+00
   3.2953637e+02  -5.5921211e+01   4.0000000e+00
   3.2945522e+02  -5.5733982e+01   4.0000000e+00
   3.2937347e+02  -5.5545853e+01   4.0000000e+00
   3.2933334e+02  -5.5426609e+01   4.0000000e+00
   3.2931265e+02  -5.5356815e+01   4.0000000e+00
   3.2926597e+02  -5.5166874e+01   4.0000000e+00
   3.2923851e+02  -5.4976025e+01   4.0000000e+00
   3.2930294e+02  -5.4784260e+01   4.0000000e+00
   3.2933334e+02  -5.4728505e+01   4.0000000e+00
   3.2946068e+02  -5.4591587e+01   4.0000000e+00
   3.2966666e+02  -5.4513691e+01   4.0000000e+00
   3.3000000e+02  -5.4477985e+01   4.0000000e+00
   3.3033334e+02  -5.4511581e+01   4.0000000e+00
   3.3066666e+02  -5.4561143e+01   4.0000000e+00
   3.3082351e+02  -5.4591587e+01   4.0000000e+00
   3.3100000e+02  -5.4634252e+01   4.0000000e+00
   3.3133334e+02  -5.4754212e+01   4.0000000e+00
   3.3140619e+02  -5.4784260e+01   4.0000000e+00
   3.3166666e+02  -5.4874146e+01   4.0000000e+00
   3.3193342e+02  -5.4976025e+01   4.0000000e+00
   3.3200000e+02  -5.5000664e+01   4.0000000e+00
   3.3233334e+02  -5.5162761e+01   4.0000000e+00
   3.3234295e+02  -5.5166874e+01   4.0000000e+00
   3.3266666e+02  -5.5299364e+01   4.0000000e+00
   3.3285893e+02  -5.5356815e+01   4.0000000e+00
   3.3300000e+02  -5.5398862e+01   4.0000000e+00
   3.3333334e+02  -5.5483624e+01   4.0000000e+00
   3.3358887e+02  -5.5545853e+01   4.0000000e+00
   3.3366666e+02  -5.5566344e+01   4.0000000e+00
   3.3400000e+02  -5.5657689e+01   4.0000000e+00
   3.3424137e+02  -5.5733982e+01   4.0000000e+00
   3.3433334e+02  -5.5761445e+01   4.0000000e+00
   3.3466666e+02  -5.5844224e+01   4.0000000e+00
   3.3497282e+02  -5.5921211e+01   4.0000000e+00
   3.3500000e+02  -5.5929055e+01   4.0000000e+00
   3.3533334e+02  -5.6063844e+01   4.0000000e+00
   3.3542293e+02  -5.6107536e+01   4.0000000e+00
   3.3566666e+02  -5.6234368e+01   4.0000000e+00
   3.3578507e+02  -5.6292969e+01   4.0000000e+00
   3.3600000e+02  -5.6395512e+01   4.0000000e+00
   3.3615495e+02  -5.6477505e+01   4.0000000e+00
   3.3633334e+02  -5.6624740e+01   4.0000000e+00
   3.3636814e+02  -5.6661144e+01   4.0000000e+00
   3.3651809e+02  -5.6843895e+01   4.0000000e+00
   3.3666666e+02  -5.7020274e+01   4.0000000e+00
   3.3667100e+02  -5.7025761e+01   4.0000000e+00
   3.3679774e+02  -5.7206738e+01   4.0000000e+00
   3.3690408e+02  -5.7386833e+01   4.0000000e+00
   3.3698957e+02  -5.7566048e+01   4.0000000e+00
   3.3700000e+02  -5.7593572e+01   4.0000000e+00
   3.3707272e+02  -5.7744385e+01   4.0000000e+00
   3.3717845e+02  -5.7921848e+01   4.0000000e+00
   3.3726683e+02  -5.8098438e+01   4.0000000e+00
   3.3733334e+02  -5.8262369e+01   4.0000000e+00
   3.3733842e+02  -5.8274158e+01   4.0000000e+00
   3.3737867e+02  -5.8449009e+01   4.0000000e+00
   3.3753478e+02  -5.8622997e+01   4.0000000e+00
   3.3766666e+02  -5.8703610e+01   4.0000000e+00
   3.3786023e+02  -5.8796120e+01   4.0000000e+00
   3.3800000e+02  -5.8843169e+01   4.0000000e+00
   3.3833334e+02  -5.8964668e+01   4.0000000e+00
   3.3834222e+02  -5.8968388e+01   4.0000000e+00
   3.3866666e+02  -5.9122504e+01   4.0000000e+00
   3.3870361e+02  -5.9139797e+01   4.0000000e+00
   3.3900000e+02  -5.9263142e+01   4.0000000e+00
   3.3917794e+02  -5.9310352e+01   4.0000000e+00
   3.3933334e+02  -5.9351058e+01   4.0000000e+00
   3.3966666e+02  -5.9402963e+01   4.0000000e+00
   3.4000000e+02  -5.9426685e+01   4.0000000e+00
   3.4033334e+02  -5.9393088e+01   4.0000000e+00
   3.4066666e+02  -5.9312957e+01   4.0000000e+00
   3.4068439e+02  -5.9310352e+01   4.0000000e+00
   3.4100000e+02  -5.9270786e+01   4.0000000e+00
   3.4133334e+02  -5.9235129e+01   4.0000000e+00
   3.4166666e+02  -5.9180963e+01   4.0000000e+00
   3.4184129e+02  -5.9139797e+01   4.0000000e+00
   3.4200000e+02  -5.9102098e+01   4.0000000e+00
   3.4233334e+02  -5.9040234e+01   4.0000000e+00
   3.4266666e+02  -5.8987834e+01   4.0000000e+00
   3.4275885e+02  -5.8968388e+01   4.0000000e+00
   3.4300000e+02  -5.8927612e+01   4.0000000e+00
   3.4333334e+02  -5.8847748e+01   4.0000000e+00
   3.4355834e+02  -5.8796120e+01   4.0000000e+00
   3.4366666e+02  -5.8765752e+01   4.0000000e+00
   3.4400000e+02  -5.8672148e+01   4.0000000e+00
   3.4417141e+02  -5.8622997e+01   4.0000000e+00
   3.4433334e+02  -5.8574499e+01   4.0000000e+00
   3.4466666e+02  -5.8483449e+01   4.0000000e+00
   3.4483098e+02  -5.8449009e+01   4.0000000e+00
   3.4500000e+02  -5.8411415e+01   4.0000000e+00
   3.4533334e+02  -5.8355556e+01   4.0000000e+00
   3.4566666e+02  -5.8296145e+01   4.0000000e+00
   3.4576816e+02  -5.8274158e+01   4.0000000e+00
   3.4600000e+02  -5.8229224e+01   4.0000000e+00
   3.4633334e+02  -5.8167930e+01   4.0000000e+00
   3.4666666e+02  -5.8102759e+01   4.0000000e+00
   3.4668778e+02  -5.8098438e+01   4.0000000e+00
   3.4700000e+02  -5.8016803e+01   4.0000000e+00
   3.4733334e+02  -5.7935050e+01   4.0000000e+00
   3.4740630e+02  -5.7921848e+01   4.0000000e+00
   3.4766666e+02  -5.7879821e+01   4.0000000e+00
   3.4800000e+02  -5.7844283e+01   4.0000000e+00
   3.4833334e+02  -5.7819353e+01   4.0000000e+00
   3.4866666e+02  -5.7803608e+01   4.0000000e+00
   3.4900000e+02  -5.7797382e+01   4.0000000e+00
   3.4933334e+02  -5.7791923e+01   4.0000000e+00
   3.4966666e+02  -5.7770154e+01   4.0000000e+00
   3.4988520e+02  -5.7744385e+01   4.0000000e+00
   3.5000000e+02  -5.7731707e+01   4.0000000e+00
   3.5033334e+02  -5.7694438e+01   4.0000000e+00
   3.5066666e+02  -5.7658030e+01   4.0000000e+00
   3.5100000e+02  -5.7620427e+01   4.0000000e+00
   3.5133334e+02  -5.7573241e+01   4.0000000e+00
   3.5138049e+02  -5.7566048e+01   4.0000000e+00
   3.5166666e+02  -5.7517570e+01   4.0000000e+00
   3.5200000e+02  -5.7446501e+01   4.0000000e+00
   3.5226943e+02  -5.7386833e+01   4.0000000e+00
   3.5233334e+02  -5.7370903e+01   4.0000000e+00
   3.5266666e+02  -5.7289619e+01   4.0000000e+00
   3.5300000e+02  -5.7211768e+01   4.0000000e+00
   3.5301979e+02  -5.7206738e+01   4.0000000e+00
   3.5333334e+02  -5.7127031e+01   4.0000000e+00
   3.5366666e+02  -5.7038549e+01   4.0000000e+00
   3.5371264e+02  -5.7025761e+01   4.0000000e+00
   3.5400000e+02  -5.6952892e+01   4.0000000e+00
   3.5433334e+02  -5.6890969e+01   4.0000000e+00
   3.5463991e+02  -5.6843895e+01   4.0000000e+00
   3.5466666e+02  -5.6840336e+01   4.0000000e+00
   3.5500000e+02  -5.6791880e+01   4.0000000e+00
   3.5533334e+02  -5.6714321e+01   4.0000000e+00
   3.5553205e+02  -5.6661144e+01   4.0000000e+00
   3.5566666e+02  -5.6623623e+01   4.0000000e+00
   3.5600000e+02  -5.6516273e+01   4.0000000e+00
   3.5611017e+02  -5.6477505e+01   4.0000000e+00
   3.5633334e+02  -5.6392078e+01   4.0000000e+00
   3.5660084e+02  -5.6292969e+01   4.0000000e+00
   3.5666666e+02  -5.6269508e+01   4.0000000e+00
   3.5700000e+02  -5.6161938e+01   4.0000000e+00
   3.5716867e+02  -5.6107536e+01   4.0000000e+00
   3.5733334e+02  -5.6055191e+01   4.0000000e+00
   3.5766666e+02  -5.5941284e+01   4.0000000e+00
   3.5772480e+02  -5.5921211e+01   4.0000000e+00
   3.5800000e+02  -5.5820369e+01   4.0000000e+00
   3.5824464e+02  -5.5733982e+01   4.0000000e+00
   3.5833334e+02  -5.5703179e+01   4.0000000e+00
   3.5866666e+02  -5.5603956e+01   4.0000000e+00
   3.5891251e+02  -5.5545853e+01   4.0000000e+00
   3.5900000e+02  -5.5526102e+01   4.0000000e+00
   3.5933334e+02  -5.5487212e+01   4.0000000e+00
   3.5966666e+02  -5.5418697e+01   4.0000000e+00
   3.5988332e+02  -5.5356815e+01   4.0000000e+00
   3.6000000e+02  -5.5324528e+01   4.0000000e+00
   7.9000000e+01  -5.9810662e+01   5.0000000e+00
   7.9333336e+01  -5.9805382e+01   5.0000000e+00
   7.9666664e+01  -5.9800891e+01   5.0000000e+00
   8.0000000e+01  -5.9797126e+01   5.0000000e+00
   8.0039275e+01  -5.9816921e+01   5.0000000e+00
   8.0019587e+01  -5.9984089e+01   5.0000000e+00
   8.0001536e+01  -6.0150417e+01   5.0000000e+00
   8.0000000e+01  -6.0160562e+01   5.0000000e+00
   7.9943465e+01  -6.0150417e+01   5.0000000e+00
   7.9666664e+01  -6.0083141e+01   5.0000000e+00
   7.9333336e+01  -5.9988427e+01   5.0000000e+00
   7.9319124e+01  -5.9984089e+01   5.0000000e+00
   7.9000000e+01  -5.9909301e+01   5.0000000e+00
   7.8987581e+01  -5.9816921e+01   5.0000000e+00
   7.9000000e+01  -5.9810662e+01   5.0000000e+00
   8.0666664e+01  -5.7039101e+01   6.0000000e+00
   8.1000000e+01  -5.7123732e+01   6.0000000e+00
   8.1185781e+01  -5.7206738e+01   6.0000000e+00
   8.1333336e+01  -5.7278480e+01   6.0000000e+00
   8.1502116e+01  -5.7386833e+01   6.0000000e+00
   8.1666664e+01  -5.7503821e+01   6.0000000e+00
   8.1744487e+01  -5.7566048e+01   6.0000000e+00
   8.1979932e+01  -5.7744385e+01   6.0000000e+00
   8.1666664e+01  -5.7753558e+01   6.0000000e+00
   8.1649433e+01  -5.7744385e+01   6.0000000e+00
   8.1333336e+01  -5.7577013e+01   6.0000000e+00
   8.1312839e+01  -5.7566048e+01   6.0000000e+00
   8.1000000e+01  -5.7398112e+01   6.0000000e+00
   8.0979022e+01  -5.7386833e+01   6.0000000e+00
   8.0666664e+01  -5.7214629e+01   6.0000000e+00
   8.0652058e+01  -5.7206738e+01   6.0000000e+00
   8.0666664e+01  -5.7039101e+01   6.0000000e+00
   8.2000000e+01  -5.7758508e+01   7.0000000e+00
   8.2209204e+01  -5.7921848e+01   7.0000000e+00
   8.2000000e+01  -5.7928703e+01   7.0000000e+00
   8.1987061e+01  -5.7921848e+01   7.0000000e+00
   8.2000000e+01  -5.7758508e+01   7.0000000e+00
   8.2333336e+01  -5.8016301e+01   8.0000000e+00
   8.2437029e+01  -5.8098438e+01   8.0000000e+00
   8.2333336e+01  -5.8102025e+01   8.0000000e+00
   8.2326532e+01  -5.8098438e+01   8.0000000e+00
   8.2333336e+01  -5.8016301e+01   8.0000000e+00
   8.2666664e+01  -5.8292141e+01   9.0000000e+00
   8.2827305e+01  -5.8449009e+01   9.0000000e+00
   8.2666664e+01  -5.8454847e+01   9.0000000e+00
   8.2655480e+01  -5.8449009e+01   9.0000000e+00
   8.2666664e+01  -5.8292141e+01   9.0000000e+00
