   3.1279792e+01  -3.0246271e+01   1.0000000e+00
   3.1000000e+01  -3.0493866e+01   1.0000000e+00
   3.0953700e+01  -3.0533804e+01   1.0000000e+00
   3.0666666e+01  -3.0780492e+01   1.0000000e+00
   3.0620162e+01  -3.0820488e+01   1.0000000e+00
   3.0610156e+01  -3.1106319e+01   1.0000000e+00
   3.0333334e+01  -3.1340184e+01   1.0000000e+00
   3.0273551e+01  -3.1391294e+01   1.0000000e+00
   3.0000000e+01  -3.1619705e+01   1.0000000e+00
   2.9934649e+01  -3.1675406e+01   1.0000000e+00
   2.9666666e+01  -3.1897854e+01   1.0000000e+00
   2.9595119e+01  -3.1958651e+01   1.0000000e+00
   2.9333334e+01  -3.2175140e+01   1.0000000e+00
   2.9255560e+01  -3.2241024e+01   1.0000000e+00
   2.9000000e+01  -3.2450808e+01   1.0000000e+00
   2.8915080e+01  -3.2522522e+01   1.0000000e+00
   2.8666666e+01  -3.2727263e+01   1.0000000e+00
   2.8576533e+01  -3.2803143e+01   1.0000000e+00
   2.8569561e+01  -3.3082878e+01   1.0000000e+00
   2.8333334e+01  -3.3280396e+01   1.0000000e+00
   2.8000000e+01  -3.3285481e+01   1.0000000e+00
   2.7908854e+01  -3.3361729e+01   1.0000000e+00
   2.7666666e+01  -3.3564024e+01   1.0000000e+00
   2.7575927e+01  -3.3639690e+01   1.0000000e+00
   2.7333334e+01  -3.3840254e+01   1.0000000e+00
   2.7241299e+01  -3.3916752e+01   1.0000000e+00
   2.7000000e+01  -3.4116341e+01   1.0000000e+00
   2.6907569e+01  -3.4192921e+01   1.0000000e+00
   2.6666666e+01  -3.4394422e+01   1.0000000e+00
   2.6333334e+01  -3.4403216e+01   1.0000000e+00
   2.6254659e+01  -3.4468185e+01   1.0000000e+00
   2.6000000e+01  -3.4678682e+01   1.0000000e+00
   2.5666666e+01  -3.4684498e+01   1.0000000e+00
   2.5333334e+01  -3.4688472e+01   1.0000000e+00
   2.5267636e+01  -3.4742546e+01   1.0000000e+00
   2.5000000e+01  -3.4960105e+01   1.0000000e+00
   2.4666666e+01  -3.4968223e+01   1.0000000e+00
   2.4608428e+01  -3.5015999e+01   1.0000000e+00
   2.4333334e+01  -3.5246106e+01   1.0000000e+00
   2.4000000e+01  -3.5263018e+01   1.0000000e+00
   2.3666666e+01  -3.5282505e+01   1.0000000e+00
   2.3568408e+01  -3.5288540e+01   1.0000000e+00
   2.3333334e+01  -3.5538348e+01   1.0000000e+00
   2.3312538e+01  -3.5560165e+01   1.0000000e+00
   2.3081508e+01  -3.5830875e+01   1.0000000e+00
   2.3000000e+01  -3.5935841e+01   1.0000000e+00
   2.2837815e+01  -3.6100666e+01   1.0000000e+00
   2.2666666e+01  -3.6266214e+01   1.0000000e+00
   2.2578686e+01  -3.6369530e+01   1.0000000e+00
   2.2374806e+01  -3.6637470e+01   1.0000000e+00
   2.2333334e+01  -3.6697390e+01   1.0000000e+00
   2.2199218e+01  -3.6904480e+01   1.0000000e+00
   2.2083458e+01  -3.7170559e+01   1.0000000e+00
   2.2046371e+01  -3.7435707e+01   1.0000000e+00
   2.2085579e+01  -3.7699917e+01   1.0000000e+00
   2.2115013e+01  -3.7963188e+01   1.0000000e+00
   2.2260024e+01  -3.8225521e+01   1.0000000e+00
   2.2333334e+01  -3.8306954e+01   1.0000000e+00
   2.2666666e+01  -3.8467885e+01   1.0000000e+00
   2.2834110e+01  -3.8486908e+01   1.0000000e+00
   2.3000000e+01  -3.8501269e+01   1.0000000e+00
   2.3207958e+01  -3.8486908e+01   1.0000000e+00
   2.3333334e+01  -3.8477354e+01   1.0000000e+00
   2.3666666e+01  -3.8486654e+01   1.0000000e+00
   2.4000000e+01  -3.8479223e+01   1.0000000e+00
   2.4333334e+01  -3.8381541e+01   1.0000000e+00
   2.4666666e+01  -3.8282112e+01   1.0000000e+00
   2.4907545e+01  -3.8225521e+01   1.0000000e+00
   2.5000000e+01  -3.8205295e+01   1.0000000e+00
   2.5333334e+01  -3.8165206e+01   1.0000000e+00
   2.5666666e+01  -3.8138883e+01   1.0000000e+00
   2.6000000e+01  -3.8095463e+01   1.0000000e+00
   2.6333334e+01  -3.8059279e+01   1.0000000e+00
   2.6666666e+01  -3.8022921e+01   1.0000000e+00
   2.7000000e+01  -3.8023415e+01   1.0000000e+00
   2.7333334e+01  -3.8066202e+01   1.0000000e+00
   2.7666666e+01  -3.8109583e+01   1.0000000e+00
   2.8000000e+01  -3.8150245e+01   1.0000000e+00
   2.8333334e+01  -3.8176952e+01   1.0000000e+00
   2.8666666e+01  -3.8195669e+01   1.0000000e+00
   2.8903486e+01  -3.8225521e+01   1.0000000e+00
   2.9000000e+01  -3.8238728e+01   1.0000000e+00
   2.9333334e+01  -3.8317110e+01   1.0000000e+00
   2.9666666e+01  -3.8438284e+01   1.0000000e+00
   2.9778620e+01  -3.8486908e+01   1.0000000e+00
   3.0000000e+01  -3.8595280e+01   1.0000000e+00
   3.0307706e+01  -3.8747353e+01   1.0000000e+00
   3.0333334e+01  -3.8762037e+01   1.0000000e+00
   3.0666666e+01  -3.8940316e+01   1.0000000e+00
   3.0836536e+01  -3.9006851e+01   1.0000000e+00
   3.1000000e+01  -3.9072081e+01   1.0000000e+00
   3.1333334e+01  -3.9103277e+01   1.0000000e+00
   3.1666666e+01  -3.9069883e+01   1.0000000e+00
   3.1949013e+01  -3.9006851e+01   1.0000000e+00
   3.2000000e+01  -3.8995523e+01   1.0000000e+00
   3.2333332e+01  -3.8908665e+01   1.0000000e+00
   3.2666668e+01  -3.8859700e+01   1.0000000e+00
   3.3000000e+01  -3.8846696e+01   1.0000000e+00
   3.3333332e+01  -3.8844110e+01   1.0000000e+00
   3.3666668e+01  -3.8808092e+01   1.0000000e+00
   3.4000000e+01  -3.8758088e+01   1.0000000e+00
   3.4333332e+01  -3.8762622e+01   1.0000000e+00
   3.4666668e+01  -3.8811684e+01   1.0000000e+00
   3.5000000e+01  -3.8871990e+01   1.0000000e+00
   3.5333332e+01  -3.8923713e+01   1.0000000e+00
   3.5666668e+01  -3.8980450e+01   1.0000000e+00
   3.5788151e+01  -3.9006851e+01   1.0000000e+00
   3.6000000e+01  -3.9051482e+01   1.0000000e+00
   3.6333332e+01  -3.9075325e+01   1.0000000e+00
   3.6666668e+01  -3.9070810e+01   1.0000000e+00
   3.7000000e+01  -3.9071845e+01   1.0000000e+00
   3.7333332e+01  -3.9111532e+01   1.0000000e+00
   3.7666668e+01  -3.9213984e+01   1.0000000e+00
   3.7781378e+01  -3.9265400e+01   1.0000000e+00
   3.8000000e+01  -3.9355030e+01   1.0000000e+00
   3.8333332e+01  -3.9467870e+01   1.0000000e+00
   3.8666668e+01  -3.9500720e+01   1.0000000e+00
   3.9000000e+01  -3.9458491e+01   1.0000000e+00
   3.9333332e+01  -3.9407120e+01   1.0000000e+00
   3.9666668e+01  -3.9403492e+01   1.0000000e+00
   4.0000000e+01  -3.9423616e+01   1.0000000e+00
   4.0333332e+01  -3.9403830e+01   1.0000000e+00
   4.0666668e+01  -3.9350887e+01   1.0000000e+00
   4.1000000e+01  -3.9312820e+01   1.0000000e+00
   4.1333332e+01  -3.9305609e+01   1.0000000e+00
   4.1666668e+01  -3.9324435e+01   1.0000000e+00
   4.2000000e+01  -3.9362464e+01   1.0000000e+00
   4.2333332e+01  -3.9410898e+01   1.0000000e+00
   4.2666668e+01  -3.9453687e+01   1.0000000e+00
   4.3000000e+01  -3.9496963e+01   1.0000000e+00
   4.3147876e+01  -3.9522999e+01   1.0000000e+00
   4.3333332e+01  -3.9553801e+01   1.0000000e+00
   4.3666668e+01  -3.9644430e+01   1.0000000e+00
   4.4000000e+01  -3.9745289e+01   1.0000000e+00
   4.4207917e+01  -3.9779644e+01   1.0000000e+00
   4.4333332e+01  -3.9799059e+01   1.0000000e+00
   4.4666668e+01  -3.9798840e+01   1.0000000e+00
   4.4988223e+01  -3.9779644e+01   1.0000000e+00
   4.5000000e+01  -3.9778972e+01   1.0000000e+00
   4.5333332e+01  -3.9772825e+01   1.0000000e+00
   4.5666668e+01  -3.9757326e+01   1.0000000e+00
   4.6000000e+01  -3.9691957e+01   1.0000000e+00
   4.6333332e+01  -3.9588907e+01   1.0000000e+00
   4.6498854e+01  -3.9522999e+01   1.0000000e+00
   4.6666668e+01  -3.9429844e+01   1.0000000e+00
   4.6895744e+01  -3.9265400e+01   1.0000000e+00
   4.7000000e+01  -3.9193063e+01   1.0000000e+00
   4.7333332e+01  -3.9024029e+01   1.0000000e+00
   4.7390697e+01  -3.9006851e+01   1.0000000e+00
   4.7666668e+01  -3.8916302e+01   1.0000000e+00
   4.8000000e+01  -3.8842104e+01   1.0000000e+00
   4.8333332e+01  -3.8807632e+01   1.0000000e+00
   4.8666668e+01  -3.8867522e+01   1.0000000e+00
   4.8922547e+01  -3.9006851e+01   1.0000000e+00
   4.9000000e+01  -3.9035572e+01   1.0000000e+00
   4.9333332e+01  -3.9184964e+01   1.0000000e+00
   4.9484630e+01  -3.9265400e+01   1.0000000e+00
   4.9666668e+01  -3.9347044e+01   1.0000000e+00
   5.0000000e+01  -3.9519654e+01   1.0000000e+00
   5.0005571e+01  -3.9522999e+01   1.0000000e+00
   5.0333332e+01  -3.9671706e+01   1.0000000e+00
   5.0614523e+01  -3.9779644e+01   1.0000000e+00
   5.0666668e+01  -3.9797403e+01   1.0000000e+00
   5.1000000e+01  -3.9894459e+01   1.0000000e+00
   5.1307153e+01  -4.0035339e+01   1.0000000e+00
   5.1333332e+01  -4.0046110e+01   1.0000000e+00
   5.1666668e+01  -4.0218958e+01   1.0000000e+00
   5.1798535e+01  -4.0290077e+01   1.0000000e+00
   5.2000000e+01  -4.0395094e+01   1.0000000e+00
   5.2280795e+01  -4.0543858e+01   1.0000000e+00
   5.2333332e+01  -4.0565980e+01   1.0000000e+00
   5.2666668e+01  -4.0712775e+01   1.0000000e+00
   5.2852812e+01  -4.0796680e+01   1.0000000e+00
   5.3000000e+01  -4.0867084e+01   1.0000000e+00
   5.3333332e+01  -4.1019828e+01   1.0000000e+00
   5.3391049e+01  -4.1048546e+01   1.0000000e+00
   5.3666668e+01  -4.1163706e+01   1.0000000e+00
   5.3960289e+01  -4.1299450e+01   1.0000000e+00
   5.4000000e+01  -4.1317377e+01   1.0000000e+00
   5.4333332e+01  -4.1446492e+01   1.0000000e+00
   5.4604036e+01  -4.1549393e+01   1.0000000e+00
   5.4666668e+01  -4.1570225e+01   1.0000000e+00
   5.5000000e+01  -4.1691021e+01   1.0000000e+00
   5.5277304e+01  -4.1798374e+01   1.0000000e+00
   5.5333332e+01  -4.1821396e+01   1.0000000e+00
   5.5666668e+01  -4.1945198e+01   1.0000000e+00
   5.5931700e+01  -4.2046391e+01   1.0000000e+00
   5.6000000e+01  -4.2071581e+01   1.0000000e+00
   5.6333332e+01  -4.2205625e+01   1.0000000e+00
   5.6527481e+01  -4.2293442e+01   1.0000000e+00
   5.6666668e+01  -4.2359584e+01   1.0000000e+00
   5.7000000e+01  -4.2529131e+01   1.0000000e+00
   5.7020040e+01  -4.2539528e+01   1.0000000e+00
   5.7333332e+01  -4.2670063e+01   1.0000000e+00
   5.7624308e+01  -4.2784649e+01   1.0000000e+00
   5.7666668e+01  -4.2800943e+01   1.0000000e+00
   5.8000000e+01  -4.2920520e+01   1.0000000e+00
   5.8329109e+01  -4.3028801e+01   1.0000000e+00
   5.8333332e+01  -4.3030120e+01   1.0000000e+00
   5.8666668e+01  -4.3123952e+01   1.0000000e+00
   5.9000000e+01  -4.3217706e+01   1.0000000e+00
   5.9333332e+01  -4.3261820e+01   1.0000000e+00
   5.9666668e+01  -4.3255098e+01   1.0000000e+00
   6.0000000e+01  -4.3216273e+01   1.0000000e+00
   6.0333332e+01  -4.3138431e+01   1.0000000e+00
   6.0666668e+01  -4.3051986e+01   1.0000000e+00
   6.0764720e+01  -4.3028801e+01   1.0000000e+00
   6.1000000e+01  -4.2939340e+01   1.0000000e+00
   6.1305038e+01  -4.2784649e+01   1.0000000e+00
   6.1333332e+01  -4.2766944e+01   1.0000000e+00
   6.1642050e+01  -4.2539528e+01   1.0000000e+00
   6.1666668e+01  -4.2514884e+01   1.0000000e+00
   6.1893184e+01  -4.2293442e+01   1.0000000e+00
   6.2000000e+01  -4.2218174e+01   1.0000000e+00
   6.2198458e+01  -4.2046391e+01   1.0000000e+00
   6.2333332e+01  -4.1914991e+01   1.0000000e+00
   6.2452002e+01  -4.1798374e+01   1.0000000e+00
   6.2666668e+01  -4.1627636e+01   1.0000000e+00
   6.2810880e+01  -4.1549393e+01   1.0000000e+00
   6.3000000e+01  -4.1439189e+01   1.0000000e+00
   6.3261725e+01  -4.1299450e+01   1.0000000e+00
   6.3333332e+01  -4.1246679e+01   1.0000000e+00
   6.3560770e+01  -4.1048546e+01   1.0000000e+00
   6.3666668e+01  -4.0915717e+01   1.0000000e+00
   6.3773750e+01  -4.0796680e+01   1.0000000e+00
   6.3970564e+01  -4.0543858e+01   1.0000000e+00
   6.4000000e+01  -4.0490319e+01   1.0000000e+00
   6.4135733e+01  -4.0290077e+01   1.0000000e+00
   6.4333336e+01  -4.0080911e+01   1.0000000e+00
   6.4416746e+01  -4.0035339e+01   1.0000000e+00
   6.4666664e+01  -3.9869702e+01   1.0000000e+00
   6.5000000e+01  -3.9793952e+01   1.0000000e+00
   6.5053176e+01  -3.9779644e+01   1.0000000e+00
   6.5333336e+01  -3.9700670e+01   1.0000000e+00
   6.5583635e+01  -3.9522999e+01   1.0000000e+00
   6.5666664e+01  -3.9369985e+01   1.0000000e+00
   6.5713664e+01  -3.9265400e+01   1.0000000e+00
   6.5888384e+01  -3.9006851e+01   1.0000000e+00
   6.6000000e+01  -3.8751848e+01   1.0000000e+00
   6.6003023e+01  -3.8747353e+01   1.0000000e+00
   6.6217127e+01  -3.8486908e+01   1.0000000e+00
   6.6202727e+01  -3.8225521e+01   1.0000000e+00
   6.6320342e+01  -3.7963188e+01   1.0000000e+00
   6.6333336e+01  -3.7945962e+01   1.0000000e+00
   6.6531272e+01  -3.7699917e+01   1.0000000e+00
   6.6666664e+01  -3.7524839e+01   1.0000000e+00
   6.6739411e+01  -3.7435707e+01   1.0000000e+00
   6.6834951e+01  -3.7170559e+01   1.0000000e+00
   6.6861333e+01  -3.6904480e+01   1.0000000e+00
   6.6862625e+01  -3.6637470e+01   1.0000000e+00
   6.6868754e+01  -3.6369530e+01   1.0000000e+00
   6.6787041e+01  -3.6100666e+01   1.0000000e+00
   6.6666664e+01  -3.5949504e+01   1.0000000e+00
   6.6543993e+01  -3.5830875e+01   1.0000000e+00
   6.6333336e+01  -3.5690103e+01   1.0000000e+00
   6.6126615e+01  -3.5560165e+01   1.0000000e+00
   6.6000000e+01  -3.5464048e+01   1.0000000e+00
   6.5820494e+01  -3.5288540e+01   1.0000000e+00
   6.5666664e+01  -3.5119349e+01   1.0000000e+00
   6.5564907e+01  -3.5015999e+01   1.0000000e+00
   6.5333336e+01  -3.4822814e+01   1.0000000e+00
   6.5204640e+01  -3.4742546e+01   1.0000000e+00
   6.5000000e+01  -3.4629163e+01   1.0000000e+00
   6.4666664e+01  -3.4484001e+01   1.0000000e+00
   6.4634530e+01  -3.4468185e+01   1.0000000e+00
   6.4333336e+01  -3.4320445e+01   1.0000000e+00
   6.4181120e+01  -3.4192921e+01   1.0000000e+00
   6.4000000e+01  -3.4065680e+01   1.0000000e+00
   6.3815676e+01  -3.3916752e+01   1.0000000e+00
   6.3666668e+01  -3.3748954e+01   1.0000000e+00
   6.3518561e+01  -3.3639690e+01   1.0000000e+00
   6.3408226e+01  -3.3361729e+01   1.0000000e+00
   6.3445552e+01  -3.3082878e+01   1.0000000e+00
   6.3666668e+01  -3.2845755e+01   1.0000000e+00
   6.3707026e+01  -3.2803143e+01   1.0000000e+00
   6.4000000e+01  -3.2632000e+01   1.0000000e+00
   6.4189481e+01  -3.2522522e+01   1.0000000e+00
   6.4333336e+01  -3.2438801e+01   1.0000000e+00
   6.4591803e+01  -3.2241024e+01   1.0000000e+00
   6.4666664e+01  -3.1966932e+01   1.0000000e+00
   6.4668572e+01  -3.1958651e+01   1.0000000e+00
   6.4666664e+01  -3.1849574e+01   1.0000000e+00
   6.4663981e+01  -3.1675406e+01   1.0000000e+00
   6.4666664e+01  -3.1667267e+01   1.0000000e+00
   6.4759391e+01  -3.1391294e+01   1.0000000e+00
   6.5000000e+01  -3.1112119e+01   1.0000000e+00
   6.5005205e+01  -3.1106319e+01   1.0000000e+00
   6.5324578e+01  -3.0820488e+01   1.0000000e+00
   6.5333336e+01  -3.0813253e+01   1.0000000e+00
   6.5624844e+01  -3.0533804e+01   1.0000000e+00
   6.5666664e+01  -3.0498587e+01   1.0000000e+00
   6.5910273e+01  -3.0246271e+01   1.0000000e+00
   1.5356806e+02  -3.0246271e+01   2.0000000e+00
   1.5358284e+02  -3.0533804e+01   2.0000000e+00
   1.5359959e+02  -3.0820488e+01   2.0000000e+00
   1.5361542e+02  -3.1106319e+01   2.0000000e+00
   1.5333333e+02  -3.1372678e+01   2.0000000e+00
   1.5331155e+02  -3.1391294e+01   2.0000000e+00
   1.5332464e+02  -3.1675406e+01   2.0000000e+00
   1.5333314e+02  -3.1958651e+01   2.0000000e+00
   1.5331935e+02  -3.2241024e+01   2.0000000e+00
   1.5302569e+02  -3.2522522e+01   2.0000000e+00
   1.5300000e+02  -3.2547101e+01   2.0000000e+00
   1.5297422e+02  -3.2803143e+01   2.0000000e+00
   1.5266667e+02  -3.3061193e+01   2.0000000e+00
   1.5264083e+02  -3.3082878e+01   2.0000000e+00
   1.5233333e+02  -3.3344166e+01   2.0000000e+00
   1.5231233e+02  -3.3361729e+01   2.0000000e+00
   1.5230207e+02  -3.3639690e+01   2.0000000e+00
   1.5200000e+02  -3.3899242e+01   2.0000000e+00
   1.5197893e+02  -3.3916752e+01   2.0000000e+00
   1.5166667e+02  -3.4176836e+01   2.0000000e+00
   1.5164726e+02  -3.4192921e+01   2.0000000e+00
   1.5164341e+02  -3.4468185e+01   2.0000000e+00
   1.5133333e+02  -3.4730687e+01   2.0000000e+00
   1.5131892e+02  -3.4742546e+01   2.0000000e+00
   1.5131645e+02  -3.5015999e+01   2.0000000e+00
   1.5100000e+02  -3.5283200e+01   2.0000000e+00
   1.5099347e+02  -3.5288540e+01   2.0000000e+00
   1.5098407e+02  -3.5560165e+01   2.0000000e+00
   1.5066667e+02  -3.5825462e+01   2.0000000e+00
   1.5066001e+02  -3.5830875e+01   2.0000000e+00
   1.5065465e+02  -3.6100666e+01   2.0000000e+00
   1.5065646e+02  -3.6369530e+01   2.0000000e+00
   1.5062965e+02  -3.6637470e+01   2.0000000e+00
   1.5066667e+02  -3.6672181e+01   2.0000000e+00
   1.5089283e+02  -3.6904480e+01   2.0000000e+00
   1.5100000e+02  -3.6979126e+01   2.0000000e+00
   1.5128673e+02  -3.7170559e+01   2.0000000e+00
   1.5133333e+02  -3.7195683e+01   2.0000000e+00
   1.5166667e+02  -3.7300511e+01   2.0000000e+00
   1.5200000e+02  -3.7354969e+01   2.0000000e+00
   1.5233333e+02  -3.7274474e+01   2.0000000e+00
   1.5247231e+02  -3.7170559e+01   2.0000000e+00
   1.5266667e+02  -3.6935951e+01   2.0000000e+00
   1.5268441e+02  -3.6904480e+01   2.0000000e+00
   1.5283155e+02  -3.6637470e+01   2.0000000e+00
   1.5300000e+02  -3.6436151e+01   2.0000000e+00
   1.5307012e+02  -3.6369530e+01   2.0000000e+00
   1.5333333e+02  -3.6191749e+01   2.0000000e+00
   1.5348823e+02  -3.6100666e+01   2.0000000e+00
   1.5366667e+02  -3.5990898e+01   2.0000000e+00
   1.5386281e+02  -3.5830875e+01   2.0000000e+00
   1.5400000e+02  -3.5723108e+01   2.0000000e+00
   1.5419102e+02  -3.5560165e+01   2.0000000e+00
   1.5433333e+02  -3.5473479e+01   2.0000000e+00
   1.5466667e+02  -3.5298119e+01   2.0000000e+00
   1.5468801e+02  -3.5288540e+01   2.0000000e+00
   1.5500000e+02  -3.5149349e+01   2.0000000e+00
   1.5525889e+02  -3.5015999e+01   2.0000000e+00
   1.5533333e+02  -3.4973759e+01   2.0000000e+00
   1.5566667e+02  -3.4779707e+01   2.0000000e+00
   1.5572867e+02  -3.4742546e+01   2.0000000e+00
   1.5600000e+02  -3.4536619e+01   2.0000000e+00
   1.5608633e+02  -3.4468185e+01   2.0000000e+00
   1.5633333e+02  -3.4267657e+01   2.0000000e+00
   1.5644666e+02  -3.4192921e+01   2.0000000e+00
   1.5666667e+02  -3.4035990e+01   2.0000000e+00
   1.5690601e+02  -3.3916752e+01   2.0000000e+00
   1.5700000e+02  -3.3857694e+01   2.0000000e+00
   1.5733333e+02  -3.3672793e+01   2.0000000e+00
   1.5740678e+02  -3.3639690e+01   2.0000000e+00
   1.5766667e+02  -3.3463609e+01   2.0000000e+00
   1.5800000e+02  -3.3639280e+01   2.0000000e+00
   1.5800028e+02  -3.3639690e+01   2.0000000e+00
   1.5824906e+02  -3.3916752e+01   2.0000000e+00
   1.5833333e+02  -3.3980262e+01   2.0000000e+00
   1.5862101e+02  -3.4192921e+01   2.0000000e+00
   1.5866667e+02  -3.4228471e+01   2.0000000e+00
   1.5894310e+02  -3.4468185e+01   2.0000000e+00
   1.5900000e+02  -3.4530462e+01   2.0000000e+00
   1.5926304e+02  -3.4742546e+01   2.0000000e+00
   1.5933333e+02  -3.4788475e+01   2.0000000e+00
   1.5966667e+02  -3.4830965e+01   2.0000000e+00
   1.6000000e+02  -3.4758564e+01   2.0000000e+00
   1.6003980e+02  -3.4742546e+01   2.0000000e+00
   1.6033333e+02  -3.4645365e+01   2.0000000e+00
   1.6066667e+02  -3.4613699e+01   2.0000000e+00
   1.6100000e+02  -3.4668498e+01   2.0000000e+00
   1.6133333e+02  -3.4682328e+01   2.0000000e+00
   1.6166667e+02  -3.4620063e+01   2.0000000e+00
   1.6200000e+02  -3.4539569e+01   2.0000000e+00
   1.6233333e+02  -3.4482693e+01   2.0000000e+00
   1.6253718e+02  -3.4468185e+01   2.0000000e+00
   1.6266667e+02  -3.4465789e+01   2.0000000e+00
   1.6300000e+02  -3.4454245e+01   2.0000000e+00
   1.6333333e+02  -3.4310754e+01   2.0000000e+00
   1.6359794e+02  -3.4192921e+01   2.0000000e+00
   1.6366667e+02  -3.4149274e+01   2.0000000e+00
   1.6400000e+02  -3.3957287e+01   2.0000000e+00
   1.6408504e+02  -3.3916752e+01   2.0000000e+00
   1.6433333e+02  -3.3820622e+01   2.0000000e+00
   1.6466667e+02  -3.3643564e+01   2.0000000e+00
   1.6467251e+02  -3.3639690e+01   2.0000000e+00
   1.6500000e+02  -3.3464505e+01   2.0000000e+00
   1.6522026e+02  -3.3361729e+01   2.0000000e+00
   1.6533333e+02  -3.3314629e+01   2.0000000e+00
   1.6566667e+02  -3.3180822e+01   2.0000000e+00
   1.6587744e+02  -3.3082878e+01   2.0000000e+00
   1.6600000e+02  -3.3023551e+01   2.0000000e+00
   1.6633333e+02  -3.2891041e+01   2.0000000e+00
   1.6666667e+02  -3.3012917e+01   2.0000000e+00
   1.6675004e+02  -3.3082878e+01   2.0000000e+00
   1.6679507e+02  -3.3361729e+01   2.0000000e+00
   1.6682790e+02  -3.3639690e+01   2.0000000e+00
   1.6700000e+02  -3.3756803e+01   2.0000000e+00
   1.6715989e+02  -3.3639690e+01   2.0000000e+00
   1.6718731e+02  -3.3361729e+01   2.0000000e+00
   1.6722017e+02  -3.3082878e+01   2.0000000e+00
   1.6733333e+02  -3.2987917e+01   2.0000000e+00
   1.6759337e+02  -3.2803143e+01   2.0000000e+00
   1.6766667e+02  -3.2741430e+01   2.0000000e+00
   1.6799726e+02  -3.2522522e+01   2.0000000e+00
   1.6800000e+02  -3.2513144e+01   2.0000000e+00
   1.6807196e+02  -3.2522522e+01   2.0000000e+00
   1.6833333e+02  -3.2552270e+01   2.0000000e+00
   1.6866667e+02  -3.2581899e+01   2.0000000e+00
   1.6900000e+02  -3.2555810e+01   2.0000000e+00
   1.6932845e+02  -3.2522522e+01   2.0000000e+00
   1.6933333e+02  -3.2521965e+01   2.0000000e+00
   1.6934632e+02  -3.2522522e+01   2.0000000e+00
   1.6966667e+02  -3.2535701e+01   2.0000000e+00
   1.7000000e+02  -3.2607300e+01   2.0000000e+00
   1.7033333e+02  -3.2715211e+01   2.0000000e+00
   1.7063917e+02  -3.2803143e+01   2.0000000e+00
   1.7066667e+02  -3.2813087e+01   2.0000000e+00
   1.7100000e+02  -3.2999727e+01   2.0000000e+00
   1.7107306e+02  -3.3082878e+01   2.0000000e+00
   1.7133333e+02  -3.3350242e+01   2.0000000e+00
   1.7134233e+02  -3.3361729e+01   2.0000000e+00
   1.7166667e+02  -3.3612143e+01   2.0000000e+00
   1.7170704e+02  -3.3639690e+01   2.0000000e+00
   1.7200000e+02  -3.3646151e+01   2.0000000e+00
   1.7233333e+02  -3.3651752e+01   2.0000000e+00
   1.7266126e+02  -3.3916752e+01   2.0000000e+00
   1.7266667e+02  -3.3921239e+01   2.0000000e+00
   1.7300000e+02  -3.3924097e+01   2.0000000e+00
   1.7333333e+02  -3.3989380e+01   2.0000000e+00
   1.7357069e+02  -3.3916752e+01   2.0000000e+00
   1.7366667e+02  -3.3890070e+01   2.0000000e+00
   1.7400000e+02  -3.3782197e+01   2.0000000e+00
   1.7433333e+02  -3.3639811e+01   2.0000000e+00
   1.7433356e+02  -3.3639690e+01   2.0000000e+00
   1.7462889e+02  -3.3361729e+01   2.0000000e+00
   1.7466667e+02  -3.3292490e+01   2.0000000e+00
   1.7487711e+02  -3.3082878e+01   2.0000000e+00
   1.7500000e+02  -3.2980936e+01   2.0000000e+00
   1.7525521e+02  -3.2803143e+01   2.0000000e+00
   1.7533333e+02  -3.2728519e+01   2.0000000e+00
   1.7548820e+02  -3.2522522e+01   2.0000000e+00
   1.7557357e+02  -3.2241024e+01   2.0000000e+00
   1.7559437e+02  -3.1958651e+01   2.0000000e+00
   1.7563251e+02  -3.1675406e+01   2.0000000e+00
   1.7566667e+02  -3.1585246e+01   2.0000000e+00
   1.7575739e+02  -3.1391294e+01   2.0000000e+00
   1.7600000e+02  -3.1125160e+01   2.0000000e+00
   1.7604486e+02  -3.1106319e+01   2.0000000e+00
   1.7633333e+02  -3.1018540e+01   2.0000000e+00
   1.7666667e+02  -3.0986232e+01   2.0000000e+00
   1.7700000e+02  -3.0968064e+01   2.0000000e+00
   1.7733333e+02  -3.0972217e+01   2.0000000e+00
   1.7766667e+02  -3.0990718e+01   2.0000000e+00
   1.7800000e+02  -3.1073186e+01   2.0000000e+00
   1.7806157e+02  -3.1106319e+01   2.0000000e+00
   1.7833333e+02  -3.1267043e+01   2.0000000e+00
   1.7853254e+02  -3.1391294e+01   2.0000000e+00
   1.7866667e+02  -3.1482945e+01   2.0000000e+00
   1.7900000e+02  -3.1664099e+01   2.0000000e+00
   1.7904442e+02  -3.1675406e+01   2.0000000e+00
   1.7933333e+02  -3.1736343e+01   2.0000000e+00
   1.7966667e+02  -3.1722672e+01   2.0000000e+00
   1.8000000e+02  -3.1685723e+01   2.0000000e+00
   1.8004634e+02  -3.1675406e+01   2.0000000e+00
   1.8033333e+02  -3.1596381e+01   2.0000000e+00
   1.8066667e+02  -3.1537265e+01   2.0000000e+00
   1.8074915e+02  -3.1675406e+01   2.0000000e+00
   1.8100000e+02  -3.1823803e+01   2.0000000e+00
   1.8124343e+02  -3.1675406e+01   2.0000000e+00
   1.8133333e+02  -3.1535452e+01   2.0000000e+00
   1.8166667e+02  -3.1489109e+01   2.0000000e+00
   1.8193582e+02  -3.1391294e+01   2.0000000e+00
   1.8200000e+02  -3.1363239e+01   2.0000000e+00
   1.8233333e+02  -3.1203293e+01   2.0000000e+00
   1.8254785e+02  -3.1106319e+01   2.0000000e+00
   1.8266667e+02  -3.1013390e+01   2.0000000e+00
   1.8283865e+02  -3.0820488e+01   2.0000000e+00
   1.8298330e+02  -3.0533804e+01   2.0000000e+00
   1.8300000e+02  -3.0506073e+01   2.0000000e+00
   1.8315060e+02  -3.0246271e+01   2.0000000e+00
   1.8997087e+02  -3.0246271e+01   3.0000000e+00
   1.9000000e+02  -3.0270239e+01   3.0000000e+00
   1.9020745e+02  -3.0533804e+01   3.0000000e+00
   1.9033333e+02  -3.0638339e+01   3.0000000e+00
   1.9051292e+02  -3.0820488e+01   3.0000000e+00
   1.9066667e+02  -3.0935349e+01   3.0000000e+00
   1.9086093e+02  -3.1106319e+01   3.0000000e+00
   1.9100000e+02  -3.1206977e+01   3.0000000e+00
   1.9133333e+02  -3.1352038e+01   3.0000000e+00
   1.9155058e+02  -3.1391294e+01   3.0000000e+00
   1.9166667e+02  -3.1410239e+01   3.0000000e+00
   1.9200000e+02  -3.1393062e+01   3.0000000e+00
   1.9200793e+02  -3.1391294e+01   3.0000000e+00
   1.9233333e+02  -3.1316768e+01   3.0000000e+00
   1.9266667e+02  -3.1258875e+01   3.0000000e+00
   1.9300000e+02  -3.1222516e+01   3.0000000e+00
   1.9333333e+02  -3.1183586e+01   3.0000000e+00
   1.9366667e+02  -3.1133756e+01   3.0000000e+00
   1.9377603e+02  -3.1106319e+01   3.0000000e+00
   1.9400000e+02  -3.1038586e+01   3.0000000e+00
   1.9433333e+02  -3.0897340e+01   3.0000000e+00
   1.9448258e+02  -3.0820488e+01   3.0000000e+00
   1.9466667e+02  -3.0713218e+01   3.0000000e+00
   1.9487575e+02  -3.0533804e+01   3.0000000e+00
   1.9500000e+02  -3.0413386e+01   3.0000000e+00
   1.9513642e+02  -3.0246271e+01   3.0000000e+00
   2.0172751e+02  -3.0246271e+01   4.0000000e+00
   2.0200000e+02  -3.0398891e+01   4.0000000e+00
   2.0227843e+02  -3.0533804e+01   4.0000000e+00
   2.0233333e+02  -3.0557584e+01   4.0000000e+00
   2.0266667e+02  -3.0619879e+01   4.0000000e+00
   2.0300000e+02  -3.0584047e+01   4.0000000e+00
   2.0314249e+02  -3.0533804e+01   4.0000000e+00
   2.0333333e+02  -3.0459482e+01   4.0000000e+00
   2.0366667e+02  -3.0294767e+01   4.0000000e+00
   2.0375231e+02  -3.0246271e+01   4.0000000e+00
   2.1599592e+02  -3.0246271e+01   5.0000000e+00
   2.1600000e+02  -3.0247979e+01   5.0000000e+00
   2.1633333e+02  -3.0325511e+01   5.0000000e+00
   2.1666667e+02  -3.0331637e+01   5.0000000e+00
   2.1700000e+02  -3.0288519e+01   5.0000000e+00
   2.1729432e+02  -3.0246271e+01   5.0000000e+00
   2.3317251e+02  -3.0246271e+01   6.0000000e+00
   2.3333333e+02  -3.0358618e+01   6.0000000e+00
   2.3361156e+02  -3.0533804e+01   6.0000000e+00
   2.3366667e+02  -3.0575596e+01   6.0000000e+00
   2.3400000e+02  -3.0739544e+01   6.0000000e+00
   2.3415938e+02  -3.0820488e+01   6.0000000e+00
   2.3433333e+02  -3.0911471e+01   6.0000000e+00
   2.3463427e+02  -3.1106319e+01   6.0000000e+00
   2.3466667e+02  -3.1124207e+01   6.0000000e+00
   2.3500000e+02  -3.1291511e+01   6.0000000e+00
   2.3526050e+02  -3.1391294e+01   6.0000000e+00
   2.3533333e+02  -3.1416242e+01   6.0000000e+00
   2.3566667e+02  -3.1504222e+01   6.0000000e+00
   2.3600000e+02  -3.1590132e+01   6.0000000e+00
   2.3625674e+02  -3.1675406e+01   6.0000000e+00
   2.3633333e+02  -3.1708419e+01   6.0000000e+00
   2.3666667e+02  -3.1877384e+01   6.0000000e+00
   2.3680519e+02  -3.1958651e+01   6.0000000e+00
   2.3700000e+02  -3.2066300e+01   6.0000000e+00
   2.3733086e+02  -3.2241024e+01   6.0000000e+00
   2.3733333e+02  -3.2242192e+01   6.0000000e+00
   2.3766667e+02  -3.2416968e+01   6.0000000e+00
   2.3785975e+02  -3.2522522e+01   6.0000000e+00
   2.3800000e+02  -3.2591837e+01   6.0000000e+00
   2.3833333e+02  -3.2728121e+01   6.0000000e+00
   2.3857968e+02  -3.2803143e+01   6.0000000e+00
   2.3866667e+02  -3.2820631e+01   6.0000000e+00
   2.3900000e+02  -3.2859130e+01   6.0000000e+00
   2.3933333e+02  -3.2885657e+01   6.0000000e+00
   2.3966667e+02  -3.2916492e+01   6.0000000e+00
   2.4000000e+02  -3.2977860e+01   6.0000000e+00
   2.4033333e+02  -3.3063071e+01   6.0000000e+00
   2.4040154e+02  -3.3082878e+01   6.0000000e+00
   2.4066667e+02  -3.3147309e+01   6.0000000e+00
   2.4100000e+02  -3.3272095e+01   6.0000000e+00
   2.4119555e+02  -3.3361729e+01   6.0000000e+00
   2.4133333e+02  -3.3419215e+01   6.0000000e+00
   2.4166667e+02  -3.3549923e+01   6.0000000e+00
   2.4193496e+02  -3.3639690e+01   6.0000000e+00
   2.4200000e+02  -3.3658221e+01   6.0000000e+00
   2.4233333e+02  -3.3713877e+01   6.0000000e+00
   2.4266667e+02  -3.3742464e+01   6.0000000e+00
   2.4300000e+02  -3.3776473e+01   6.0000000e+00
   2.4333333e+02  -3.3809464e+01   6.0000000e+00
   2.4366667e+02  -3.3816770e+01   6.0000000e+00
   2.4400000e+02  -3.3798484e+01   6.0000000e+00
   2.4433333e+02  -3.3775863e+01   6.0000000e+00
   2.4466667e+02  -3.3794323e+01   6.0000000e+00
   2.4500000e+02  -3.3852828e+01   6.0000000e+00
   2.4533333e+02  -3.3813139e+01   6.0000000e+00
   2.4564200e+02  -3.3639690e+01   6.0000000e+00
   2.4566667e+02  -3.3629953e+01   6.0000000e+00
   2.4600000e+02  -3.3455004e+01   6.0000000e+00
   2.4610108e+02  -3.3361729e+01   6.0000000e+00
   2.4633333e+02  -3.3136681e+01   6.0000000e+00
   2.4637476e+02  -3.3082878e+01   6.0000000e+00
   2.4656435e+02  -3.2803143e+01   6.0000000e+00
   2.4666667e+02  -3.2619895e+01   6.0000000e+00
   2.4672951e+02  -3.2522522e+01   6.0000000e+00
   2.4683694e+02  -3.2241024e+01   6.0000000e+00
   2.4692142e+02  -3.1958651e+01   6.0000000e+00
   2.4687338e+02  -3.1675406e+01   6.0000000e+00
   2.4674509e+02  -3.1391294e+01   6.0000000e+00
   2.4666667e+02  -3.1243754e+01   6.0000000e+00
   2.4659749e+02  -3.1106319e+01   6.0000000e+00
   2.4649969e+02  -3.0820488e+01   6.0000000e+00
   2.4643288e+02  -3.0533804e+01   6.0000000e+00
   2.4633333e+02  -3.0274653e+01   6.0000000e+00
   2.4632399e+02  -3.0246271e+01   6.0000000e+00
   6.0000000e+01  -3.2895317e+01   7.0000000e+00
   6.0333332e+01  -3.2922476e+01   7.0000000e+00
   6.0666668e+01  -3.2948043e+01   7.0000000e+00
   6.0977882e+01  -3.2803143e+01   7.0000000e+00
   6.1000000e+01  -3.2797432e+01   7.0000000e+00
   6.1333332e+01  -3.2699744e+01   7.0000000e+00
   6.1666668e+01  -3.2705297e+01   7.0000000e+00
   6.1821590e+01  -3.2803143e+01   7.0000000e+00
   6.2000000e+01  -3.2906975e+01   7.0000000e+00
   6.2263791e+01  -3.3082878e+01   7.0000000e+00
   6.2333332e+01  -3.3155584e+01   7.0000000e+00
   6.2561666e+01  -3.3361729e+01   7.0000000e+00
   6.2583852e+01  -3.3639690e+01   7.0000000e+00
   6.2333332e+01  -3.3788116e+01   7.0000000e+00
   6.2002081e+01  -3.3916752e+01   7.0000000e+00
   6.2000000e+01  -3.3917106e+01   7.0000000e+00
   6.1996541e+01  -3.3916752e+01   7.0000000e+00
   6.1666668e+01  -3.3849226e+01   7.0000000e+00
   6.1333332e+01  -3.3686589e+01   7.0000000e+00
   6.1214928e+01  -3.3639690e+01   7.0000000e+00
   6.1000000e+01  -3.3453686e+01   7.0000000e+00
   6.0681782e+01  -3.3361729e+01   7.0000000e+00
   6.0666668e+01  -3.3350516e+01   7.0000000e+00
   6.0631079e+01  -3.3361729e+01   7.0000000e+00
   6.0333332e+01  -3.3382993e+01   7.0000000e+00
   6.0000000e+01  -3.3421684e+01   7.0000000e+00
   5.9836758e+01  -3.3361729e+01   7.0000000e+00
   5.9710417e+01  -3.3082878e+01   7.0000000e+00
   6.0000000e+01  -3.2895317e+01   7.0000000e+00
   1.6733333e+02  -3.3783855e+01   8.0000000e+00
   1.6747319e+02  -3.3916752e+01   8.0000000e+00
   1.6733333e+02  -3.4021726e+01   8.0000000e+00
   1.6719243e+02  -3.3916752e+01   8.0000000e+00
   1.6733333e+02  -3.3783855e+01   8.0000000e+00
   1.7666667e+02  -3.6425123e+01   9.0000000e+00
   1.7669639e+02  -3.6369530e+01   9.0000000e+00
   1.7688224e+02  -3.6100666e+01   9.0000000e+00
   1.7700000e+02  -3.5950549e+01   9.0000000e+00
   1.7710474e+02  -3.5830875e+01   9.0000000e+00
   1.7733333e+02  -3.5564527e+01   9.0000000e+00
   1.7734108e+02  -3.5560165e+01   9.0000000e+00
   1.7766667e+02  -3.5348254e+01   9.0000000e+00
   1.7775913e+02  -3.5288540e+01   9.0000000e+00
   1.7800000e+02  -3.5022993e+01   9.0000000e+00
   1.7800818e+02  -3.5015999e+01   9.0000000e+00
   1.7833333e+02  -3.4814202e+01   9.0000000e+00
   1.7841726e+02  -3.4742546e+01   9.0000000e+00
   1.7866667e+02  -3.4579193e+01   9.0000000e+00
   1.7881029e+02  -3.4468185e+01   9.0000000e+00
   1.7900000e+02  -3.4376182e+01   9.0000000e+00
   1.7933333e+02  -3.4376030e+01   9.0000000e+00
   1.7966667e+02  -3.4340169e+01   9.0000000e+00
   1.8000000e+02  -3.4276429e+01   9.0000000e+00
   1.8033333e+02  -3.4370966e+01   9.0000000e+00
   1.8053037e+02  -3.4468185e+01   9.0000000e+00
   1.8066667e+02  -3.4578881e+01   9.0000000e+00
   1.8077804e+02  -3.4742546e+01   9.0000000e+00
   1.8088162e+02  -3.5015999e+01   9.0000000e+00
   1.8090560e+02  -3.5288540e+01   9.0000000e+00
   1.8091947e+02  -3.5560165e+01   9.0000000e+00
   1.8086367e+02  -3.5830875e+01   9.0000000e+00
   1.8073307e+02  -3.6100666e+01   9.0000000e+00
   1.8066667e+02  -3.6193638e+01   9.0000000e+00
   1.8055251e+02  -3.6369530e+01   9.0000000e+00
   1.8040101e+02  -3.6637470e+01   9.0000000e+00
   1.8033333e+02  -3.6733375e+01   9.0000000e+00
   1.8020665e+02  -3.6904480e+01   9.0000000e+00
   1.8000000e+02  -3.7088794e+01   9.0000000e+00
   1.7988226e+02  -3.7170559e+01   9.0000000e+00
   1.7966667e+02  -3.7300752e+01   9.0000000e+00
   1.7933333e+02  -3.7433017e+01   9.0000000e+00
   1.7900000e+02  -3.7424541e+01   9.0000000e+00
   1.7866667e+02  -3.7177606e+01   9.0000000e+00
   1.7833333e+02  -3.7179624e+01   9.0000000e+00
   1.7800000e+02  -3.7181904e+01   9.0000000e+00
   1.7766667e+02  -3.7180902e+01   9.0000000e+00
   1.7733333e+02  -3.7178140e+01   9.0000000e+00
   1.7700000e+02  -3.7174874e+01   9.0000000e+00
   1.7699458e+02  -3.7170559e+01   9.0000000e+00
   1.7666667e+02  -3.6907704e+01   9.0000000e+00
   1.7666263e+02  -3.6904480e+01   9.0000000e+00
   1.7645324e+02  -3.6637470e+01   9.0000000e+00
   1.7666667e+02  -3.6425123e+01   9.0000000e+00
