   3.1214202e+01  -3.0246271e+01   1.0000000e+00
   3.1000000e+01  -3.0435824e+01   1.0000000e+00
   3.0886413e+01  -3.0533804e+01   1.0000000e+00
   3.0666666e+01  -3.0722662e+01   1.0000000e+00
   3.0552923e+01  -3.0820488e+01   1.0000000e+00
   3.0545262e+01  -3.1106319e+01   1.0000000e+00
   3.0333334e+01  -3.1285361e+01   1.0000000e+00
   3.0209424e+01  -3.1391294e+01   1.0000000e+00
   3.0000000e+01  -3.1566160e+01   1.0000000e+00
   2.9871828e+01  -3.1675406e+01   1.0000000e+00
   2.9666666e+01  -3.1845707e+01   1.0000000e+00
   2.9533750e+01  -3.1958651e+01   1.0000000e+00
   2.9333334e+01  -3.2124390e+01   1.0000000e+00
   2.9195651e+01  -3.2241024e+01   1.0000000e+00
   2.9000000e+01  -3.2401629e+01   1.0000000e+00
   2.8856846e+01  -3.2522522e+01   1.0000000e+00
   2.8666666e+01  -3.2679267e+01   1.0000000e+00
   2.8519521e+01  -3.2803143e+01   1.0000000e+00
   2.8514184e+01  -3.3082878e+01   1.0000000e+00
   2.8333334e+01  -3.3234093e+01   1.0000000e+00
   2.8000000e+01  -3.3237986e+01   1.0000000e+00
   2.7852079e+01  -3.3361729e+01   1.0000000e+00
   2.7666666e+01  -3.3516601e+01   1.0000000e+00
   2.7519057e+01  -3.3639690e+01   1.0000000e+00
   2.7333334e+01  -3.3793237e+01   1.0000000e+00
   2.7184732e+01  -3.3916752e+01   1.0000000e+00
   2.7000000e+01  -3.4069553e+01   1.0000000e+00
   2.6851095e+01  -3.4192921e+01   1.0000000e+00
   2.6666666e+01  -3.4347185e+01   1.0000000e+00
   2.6333334e+01  -3.4353918e+01   1.0000000e+00
   2.6194960e+01  -3.4468185e+01   1.0000000e+00
   2.6000000e+01  -3.4629336e+01   1.0000000e+00
   2.5666666e+01  -3.4633789e+01   1.0000000e+00
   2.5333334e+01  -3.4636831e+01   1.0000000e+00
   2.5204896e+01  -3.4742546e+01   1.0000000e+00
   2.5000000e+01  -3.4909104e+01   1.0000000e+00
   2.4666666e+01  -3.4915318e+01   1.0000000e+00
   2.4543939e+01  -3.5015999e+01   1.0000000e+00
   2.4333334e+01  -3.5192163e+01   1.0000000e+00
   2.4000000e+01  -3.5205111e+01   1.0000000e+00
   2.3666666e+01  -3.5220030e+01   1.0000000e+00
   2.3333334e+01  -3.5236600e+01   1.0000000e+00
   2.3269808e+01  -3.5288540e+01   1.0000000e+00
   2.3000000e+01  -3.5512407e+01   1.0000000e+00
   2.2941392e+01  -3.5560165e+01   1.0000000e+00
   2.2666666e+01  -3.5785883e+01   1.0000000e+00
   2.2611265e+01  -3.5830875e+01   1.0000000e+00
   2.2597040e+01  -3.6100666e+01   1.0000000e+00
   2.2333334e+01  -3.6318757e+01   1.0000000e+00
   2.2270387e+01  -3.6369530e+01   1.0000000e+00
   2.2000000e+01  -3.6595359e+01   1.0000000e+00
   2.1666666e+01  -3.6618444e+01   1.0000000e+00
   2.1642997e+01  -3.6637470e+01   1.0000000e+00
   2.1333334e+01  -3.6900184e+01   1.0000000e+00
   2.1327971e+01  -3.6904480e+01   1.0000000e+00
   2.1115468e+01  -3.7170559e+01   1.0000000e+00
   2.1000000e+01  -3.7367562e+01   1.0000000e+00
   2.0964493e+01  -3.7435707e+01   1.0000000e+00
   2.0787532e+01  -3.7699917e+01   1.0000000e+00
   2.0666666e+01  -3.7842267e+01   1.0000000e+00
   2.0538263e+01  -3.7963188e+01   1.0000000e+00
   2.0397929e+01  -3.8225521e+01   1.0000000e+00
   2.0333334e+01  -3.8327328e+01   1.0000000e+00
   2.0198491e+01  -3.8486908e+01   1.0000000e+00
   2.0209660e+01  -3.8747353e+01   1.0000000e+00
   2.0243443e+01  -3.9006851e+01   1.0000000e+00
   2.0333334e+01  -3.9033373e+01   1.0000000e+00
   2.0666666e+01  -3.9103511e+01   1.0000000e+00
   2.1000000e+01  -3.9146108e+01   1.0000000e+00
   2.1333334e+01  -3.9195970e+01   1.0000000e+00
   2.1666666e+01  -3.9262767e+01   1.0000000e+00
   2.1681310e+01  -3.9265400e+01   1.0000000e+00
   2.2000000e+01  -3.9324342e+01   1.0000000e+00
   2.2333334e+01  -3.9382513e+01   1.0000000e+00
   2.2666666e+01  -3.9437369e+01   1.0000000e+00
   2.3000000e+01  -3.9507167e+01   1.0000000e+00
   2.3333334e+01  -3.9521580e+01   1.0000000e+00
   2.3666666e+01  -3.9511927e+01   1.0000000e+00
   2.4000000e+01  -3.9440562e+01   1.0000000e+00
   2.4333334e+01  -3.9289151e+01   1.0000000e+00
   2.4387652e+01  -3.9265400e+01   1.0000000e+00
   2.4666666e+01  -3.9154400e+01   1.0000000e+00
   2.4999111e+01  -3.9006851e+01   1.0000000e+00
   2.5000000e+01  -3.9006580e+01   1.0000000e+00
   2.5333334e+01  -3.8935927e+01   1.0000000e+00
   2.5666666e+01  -3.8873675e+01   1.0000000e+00
   2.6000000e+01  -3.8798642e+01   1.0000000e+00
   2.6333334e+01  -3.8765419e+01   1.0000000e+00
   2.6567682e+01  -3.8747353e+01   1.0000000e+00
   2.6666666e+01  -3.8739832e+01   1.0000000e+00
   2.7000000e+01  -3.8737962e+01   1.0000000e+00
   2.7081672e+01  -3.8747353e+01   1.0000000e+00
   2.7333334e+01  -3.8783038e+01   1.0000000e+00
   2.7666666e+01  -3.8823667e+01   1.0000000e+00
   2.8000000e+01  -3.8840648e+01   1.0000000e+00
   2.8333334e+01  -3.8849030e+01   1.0000000e+00
   2.8666666e+01  -3.8879366e+01   1.0000000e+00
   2.9000000e+01  -3.8958624e+01   1.0000000e+00
   2.9145851e+01  -3.9006851e+01   1.0000000e+00
   2.9333334e+01  -3.9083899e+01   1.0000000e+00
   2.9651249e+01  -3.9265400e+01   1.0000000e+00
   2.9666666e+01  -3.9278133e+01   1.0000000e+00
   2.9896429e+01  -3.9522999e+01   1.0000000e+00
   3.0000000e+01  -3.9697995e+01   1.0000000e+00
   3.0071604e+01  -3.9779644e+01   1.0000000e+00
   3.0333334e+01  -4.0031496e+01   1.0000000e+00
   3.0343287e+01  -4.0035339e+01   1.0000000e+00
   3.0666666e+01  -4.0137929e+01   1.0000000e+00
   3.1000000e+01  -4.0187172e+01   1.0000000e+00
   3.1333334e+01  -4.0183587e+01   1.0000000e+00
   3.1666666e+01  -4.0159092e+01   1.0000000e+00
   3.2000000e+01  -4.0065031e+01   1.0000000e+00
   3.2051752e+01  -4.0035339e+01   1.0000000e+00
   3.2333332e+01  -3.9859480e+01   1.0000000e+00
   3.2536923e+01  -3.9779644e+01   1.0000000e+00
   3.2666668e+01  -3.9738082e+01   1.0000000e+00
   3.3000000e+01  -3.9679939e+01   1.0000000e+00
   3.3333332e+01  -3.9654378e+01   1.0000000e+00
   3.3666668e+01  -3.9624744e+01   1.0000000e+00
   3.4000000e+01  -3.9594329e+01   1.0000000e+00
   3.4333332e+01  -3.9591776e+01   1.0000000e+00
   3.4666668e+01  -3.9595315e+01   1.0000000e+00
   3.5000000e+01  -3.9613309e+01   1.0000000e+00
   3.5333332e+01  -3.9663996e+01   1.0000000e+00
   3.5666668e+01  -3.9731724e+01   1.0000000e+00
   3.5898431e+01  -3.9779644e+01   1.0000000e+00
   3.6000000e+01  -3.9800756e+01   1.0000000e+00
   3.6333332e+01  -3.9848576e+01   1.0000000e+00
   3.6666668e+01  -3.9914542e+01   1.0000000e+00
   3.7000000e+01  -4.0003974e+01   1.0000000e+00
   3.7128244e+01  -4.0035339e+01   1.0000000e+00
   3.7333332e+01  -4.0075112e+01   1.0000000e+00
   3.7666668e+01  -4.0126147e+01   1.0000000e+00
   3.8000000e+01  -4.0143210e+01   1.0000000e+00
   3.8333332e+01  -4.0126273e+01   1.0000000e+00
   3.8666668e+01  -4.0099118e+01   1.0000000e+00
   3.9000000e+01  -4.0064621e+01   1.0000000e+00
   3.9253208e+01  -4.0035339e+01   1.0000000e+00
   3.9333332e+01  -4.0025548e+01   1.0000000e+00
   3.9666668e+01  -3.9999458e+01   1.0000000e+00
   4.0000000e+01  -3.9996516e+01   1.0000000e+00
   4.0333332e+01  -3.9977887e+01   1.0000000e+00
   4.0666668e+01  -3.9929590e+01   1.0000000e+00
   4.1000000e+01  -3.9890383e+01   1.0000000e+00
   4.1333332e+01  -3.9886442e+01   1.0000000e+00
   4.1666668e+01  -3.9905128e+01   1.0000000e+00
   4.2000000e+01  -3.9942239e+01   1.0000000e+00
   4.2333332e+01  -4.0007854e+01   1.0000000e+00
   4.2449443e+01  -4.0035339e+01   1.0000000e+00
   4.2666668e+01  -4.0086064e+01   1.0000000e+00
   4.3000000e+01  -4.0165530e+01   1.0000000e+00
   4.3333332e+01  -4.0241124e+01   1.0000000e+00
   4.3530066e+01  -4.0290077e+01   1.0000000e+00
   4.3666668e+01  -4.0322884e+01   1.0000000e+00
   4.4000000e+01  -4.0391999e+01   1.0000000e+00
   4.4333332e+01  -4.0445263e+01   1.0000000e+00
   4.4666668e+01  -4.0500533e+01   1.0000000e+00
   4.4987838e+01  -4.0543858e+01   1.0000000e+00
   4.5000000e+01  -4.0545331e+01   1.0000000e+00
   4.5333332e+01  -4.0556661e+01   1.0000000e+00
   4.5666668e+01  -4.0544665e+01   1.0000000e+00
   4.5678791e+01  -4.0543858e+01   1.0000000e+00
   4.6000000e+01  -4.0517896e+01   1.0000000e+00
   4.6333332e+01  -4.0490194e+01   1.0000000e+00
   4.6666668e+01  -4.0448141e+01   1.0000000e+00
   4.7000000e+01  -4.0370818e+01   1.0000000e+00
   4.7292261e+01  -4.0290077e+01   1.0000000e+00
   4.7333332e+01  -4.0277172e+01   1.0000000e+00
   4.7666668e+01  -4.0231415e+01   1.0000000e+00
   4.8000000e+01  -4.0212968e+01   1.0000000e+00
   4.8333332e+01  -4.0203463e+01   1.0000000e+00
   4.8666668e+01  -4.0199301e+01   1.0000000e+00
   4.9000000e+01  -4.0210475e+01   1.0000000e+00
   4.9333332e+01  -4.0277158e+01   1.0000000e+00
   4.9376712e+01  -4.0290077e+01   1.0000000e+00
   4.9666668e+01  -4.0373055e+01   1.0000000e+00
   5.0000000e+01  -4.0453645e+01   1.0000000e+00
   5.0333332e+01  -4.0512444e+01   1.0000000e+00
   5.0530829e+01  -4.0543858e+01   1.0000000e+00
   5.0666668e+01  -4.0561675e+01   1.0000000e+00
   5.1000000e+01  -4.0637970e+01   1.0000000e+00
   5.1333332e+01  -4.0761931e+01   1.0000000e+00
   5.1418440e+01  -4.0796680e+01   1.0000000e+00
   5.1666668e+01  -4.0897221e+01   1.0000000e+00
   5.2000000e+01  -4.1034911e+01   1.0000000e+00
   5.2033479e+01  -4.1048546e+01   1.0000000e+00
   5.2333332e+01  -4.1156275e+01   1.0000000e+00
   5.2666668e+01  -4.1293648e+01   1.0000000e+00
   5.2679614e+01  -4.1299450e+01   1.0000000e+00
   5.3000000e+01  -4.1445253e+01   1.0000000e+00
   5.3246642e+01  -4.1549393e+01   1.0000000e+00
   5.3333332e+01  -4.1584812e+01   1.0000000e+00
   5.3666668e+01  -4.1714970e+01   1.0000000e+00
   5.3881300e+01  -4.1798374e+01   1.0000000e+00
   5.4000000e+01  -4.1844738e+01   1.0000000e+00
   5.4333332e+01  -4.1949661e+01   1.0000000e+00
   5.4602106e+01  -4.2046391e+01   1.0000000e+00
   5.4666668e+01  -4.2070702e+01   1.0000000e+00
   5.5000000e+01  -4.2222226e+01   1.0000000e+00
   5.5164599e+01  -4.2293442e+01   1.0000000e+00
   5.5333332e+01  -4.2370869e+01   1.0000000e+00
   5.5666668e+01  -4.2507478e+01   1.0000000e+00
   5.5742973e+01  -4.2539528e+01   1.0000000e+00
   5.6000000e+01  -4.2642404e+01   1.0000000e+00
   5.6333332e+01  -4.2778519e+01   1.0000000e+00
   5.6347667e+01  -4.2784649e+01   1.0000000e+00
   5.6666668e+01  -4.2918755e+01   1.0000000e+00
   5.6918715e+01  -4.3028801e+01   1.0000000e+00
   5.7000000e+01  -4.3063670e+01   1.0000000e+00
   5.7333332e+01  -4.3198723e+01   1.0000000e+00
   5.7517688e+01  -4.3271988e+01   1.0000000e+00
   5.7666668e+01  -4.3334143e+01   1.0000000e+00
   5.8000000e+01  -4.3473121e+01   1.0000000e+00
   5.8105993e+01  -4.3514206e+01   1.0000000e+00
   5.8333332e+01  -4.3606348e+01   1.0000000e+00
   5.8666668e+01  -4.3729960e+01   1.0000000e+00
   5.8753149e+01  -4.3755459e+01   1.0000000e+00
   5.9000000e+01  -4.3831616e+01   1.0000000e+00
   5.9333332e+01  -4.3886649e+01   1.0000000e+00
   5.9666668e+01  -4.3898185e+01   1.0000000e+00
   6.0000000e+01  -4.3862638e+01   1.0000000e+00
   6.0333332e+01  -4.3796132e+01   1.0000000e+00
   6.0577545e+01  -4.3755459e+01   1.0000000e+00
   6.0666668e+01  -4.3741031e+01   1.0000000e+00
   6.1000000e+01  -4.3691935e+01   1.0000000e+00
   6.1333332e+01  -4.3625950e+01   1.0000000e+00
   6.1666668e+01  -4.3551409e+01   1.0000000e+00
   6.1789947e+01  -4.3514206e+01   1.0000000e+00
   6.2000000e+01  -4.3429932e+01   1.0000000e+00
   6.2304993e+01  -4.3271988e+01   1.0000000e+00
   6.2333332e+01  -4.3254658e+01   1.0000000e+00
   6.2666668e+01  -4.3053394e+01   1.0000000e+00
   6.2706841e+01  -4.3028801e+01   1.0000000e+00
   6.3000000e+01  -4.2785621e+01   1.0000000e+00
   6.3001189e+01  -4.2784649e+01   1.0000000e+00
   6.3304649e+01  -4.2539528e+01   1.0000000e+00
   6.3333332e+01  -4.2515727e+01   1.0000000e+00
   6.3666668e+01  -4.2308262e+01   1.0000000e+00
   6.3696674e+01  -4.2293442e+01   1.0000000e+00
   6.4000000e+01  -4.2145012e+01   1.0000000e+00
   6.4189034e+01  -4.2046391e+01   1.0000000e+00
   6.4333336e+01  -4.1957079e+01   1.0000000e+00
   6.4579408e+01  -4.1798374e+01   1.0000000e+00
   6.4666664e+01  -4.1746807e+01   1.0000000e+00
   6.5000000e+01  -4.1587174e+01   1.0000000e+00
   6.5127787e+01  -4.1549393e+01   1.0000000e+00
   6.5333336e+01  -4.1485660e+01   1.0000000e+00
   6.5666664e+01  -4.1400689e+01   1.0000000e+00
   6.6000000e+01  -4.1310341e+01   1.0000000e+00
   6.6034324e+01  -4.1299450e+01   1.0000000e+00
   6.6333336e+01  -4.1206177e+01   1.0000000e+00
   6.6666664e+01  -4.1130723e+01   1.0000000e+00
   6.7000000e+01  -4.1120792e+01   1.0000000e+00
   6.7333336e+01  -4.1141177e+01   1.0000000e+00
   6.7666664e+01  -4.1150505e+01   1.0000000e+00
   6.8000000e+01  -4.1156360e+01   1.0000000e+00
   6.8333336e+01  -4.1187460e+01   1.0000000e+00
   6.8666664e+01  -4.1252358e+01   1.0000000e+00
   6.8818220e+01  -4.1299450e+01   1.0000000e+00
   6.9000000e+01  -4.1358673e+01   1.0000000e+00
   6.9333336e+01  -4.1522068e+01   1.0000000e+00
   6.9379615e+01  -4.1549393e+01   1.0000000e+00
   6.9666664e+01  -4.1750973e+01   1.0000000e+00
   6.9732997e+01  -4.1798374e+01   1.0000000e+00
   7.0000000e+01  -4.2019463e+01   1.0000000e+00
   7.0035273e+01  -4.2046391e+01   1.0000000e+00
   7.0333336e+01  -4.2194398e+01   1.0000000e+00
   7.0547841e+01  -4.2293442e+01   1.0000000e+00
   7.0666664e+01  -4.2338442e+01   1.0000000e+00
   7.1000000e+01  -4.2448447e+01   1.0000000e+00
   7.1333336e+01  -4.2531743e+01   1.0000000e+00
   7.1357085e+01  -4.2539528e+01   1.0000000e+00
   7.1666664e+01  -4.2612723e+01   1.0000000e+00
   7.2000000e+01  -4.2729520e+01   1.0000000e+00
   7.2166982e+01  -4.2784649e+01   1.0000000e+00
   7.2333336e+01  -4.2841071e+01   1.0000000e+00
   7.2666664e+01  -4.2947483e+01   1.0000000e+00
   7.2977428e+01  -4.3028801e+01   1.0000000e+00
   7.3000000e+01  -4.3033898e+01   1.0000000e+00
   7.3333336e+01  -4.3079748e+01   1.0000000e+00
   7.3666664e+01  -4.3104821e+01   1.0000000e+00
   7.4000000e+01  -4.3100041e+01   1.0000000e+00
   7.4333336e+01  -4.3066283e+01   1.0000000e+00
   7.4583199e+01  -4.3028801e+01   1.0000000e+00
   7.4666664e+01  -4.3008890e+01   1.0000000e+00
   7.5000000e+01  -4.2845219e+01   1.0000000e+00
   7.5089871e+01  -4.2784649e+01   1.0000000e+00
   7.5333336e+01  -4.2657250e+01   1.0000000e+00
   7.5604064e+01  -4.2539528e+01   1.0000000e+00
   7.5666664e+01  -4.2498957e+01   1.0000000e+00
   7.5951013e+01  -4.2293442e+01   1.0000000e+00
   7.6000000e+01  -4.2240066e+01   1.0000000e+00
   7.6205452e+01  -4.2046391e+01   1.0000000e+00
   7.6316069e+01  -4.1798374e+01   1.0000000e+00
   7.6333336e+01  -4.1766226e+01   1.0000000e+00
   7.6485695e+01  -4.1549393e+01   1.0000000e+00
   7.6653934e+01  -4.1299450e+01   1.0000000e+00
   7.6666664e+01  -4.1286505e+01   1.0000000e+00
   7.7000000e+01  -4.1157392e+01   1.0000000e+00
   7.7333336e+01  -4.1184861e+01   1.0000000e+00
   7.7644176e+01  -4.1299450e+01   1.0000000e+00
   7.7666664e+01  -4.1309577e+01   1.0000000e+00
   7.8000000e+01  -4.1540865e+01   1.0000000e+00
   7.8021161e+01  -4.1549393e+01   1.0000000e+00
   7.8333336e+01  -4.1611585e+01   1.0000000e+00
   7.8666664e+01  -4.1590010e+01   1.0000000e+00
   7.8835465e+01  -4.1549393e+01   1.0000000e+00
   7.9000000e+01  -4.1494733e+01   1.0000000e+00
   7.9333336e+01  -4.1331049e+01   1.0000000e+00
   7.9390634e+01  -4.1299450e+01   1.0000000e+00
   7.9666664e+01  -4.1113912e+01   1.0000000e+00
   7.9758973e+01  -4.1048546e+01   1.0000000e+00
   8.0000000e+01  -4.0837498e+01   1.0000000e+00
   8.0045299e+01  -4.0796680e+01   1.0000000e+00
   8.0304626e+01  -4.0543858e+01   1.0000000e+00
   8.0333336e+01  -4.0511610e+01   1.0000000e+00
   8.0508275e+01  -4.0290077e+01   1.0000000e+00
   8.0666664e+01  -4.0143740e+01   1.0000000e+00
   8.0786589e+01  -4.0035339e+01   1.0000000e+00
   8.1000000e+01  -3.9849410e+01   1.0000000e+00
   8.1100109e+01  -3.9779644e+01   1.0000000e+00
   8.1333336e+01  -3.9643274e+01   1.0000000e+00
   8.1666664e+01  -3.9524575e+01   1.0000000e+00
   8.1688152e+01  -3.9522999e+01   1.0000000e+00
   8.2000000e+01  -3.9493022e+01   1.0000000e+00
   8.2141481e+01  -3.9522999e+01   1.0000000e+00
   8.2333336e+01  -3.9558816e+01   1.0000000e+00
   8.2666664e+01  -3.9581823e+01   1.0000000e+00
   8.2965049e+01  -3.9522999e+01   1.0000000e+00
   8.3000000e+01  -3.9513829e+01   1.0000000e+00
   8.3333336e+01  -3.9345890e+01   1.0000000e+00
   8.3499744e+01  -3.9265400e+01   1.0000000e+00
   8.3666664e+01  -3.9200576e+01   1.0000000e+00
   8.4000000e+01  -3.9123637e+01   1.0000000e+00
   8.4333336e+01  -3.9074941e+01   1.0000000e+00
   8.4666664e+01  -3.9010249e+01   1.0000000e+00
   8.4680592e+01  -3.9006851e+01   1.0000000e+00
   8.5000000e+01  -3.8925140e+01   1.0000000e+00
   8.5333336e+01  -3.8848239e+01   1.0000000e+00
   8.5666664e+01  -3.8774131e+01   1.0000000e+00
   8.5763307e+01  -3.8747353e+01   1.0000000e+00
   8.6000000e+01  -3.8663552e+01   1.0000000e+00
   8.6333336e+01  -3.8557071e+01   1.0000000e+00
   8.6585663e+01  -3.8486908e+01   1.0000000e+00
   8.6666664e+01  -3.8460513e+01   1.0000000e+00
   8.7000000e+01  -3.8330046e+01   1.0000000e+00
   8.7228668e+01  -3.8225521e+01   1.0000000e+00
   8.7333336e+01  -3.8150739e+01   1.0000000e+00
   8.7635788e+01  -3.7963188e+01   1.0000000e+00
   8.7666664e+01  -3.7937054e+01   1.0000000e+00
   8.8000000e+01  -3.7748287e+01   1.0000000e+00
   8.8333336e+01  -3.7706623e+01   1.0000000e+00
   8.8666664e+01  -3.7710886e+01   1.0000000e+00
   8.9000000e+01  -3.7703965e+01   1.0000000e+00
   8.9033843e+01  -3.7699917e+01   1.0000000e+00
   8.9333336e+01  -3.7663935e+01   1.0000000e+00
   8.9666664e+01  -3.7566607e+01   1.0000000e+00
   8.9994398e+01  -3.7435707e+01   1.0000000e+00
   9.0000000e+01  -3.7433744e+01   1.0000000e+00
   9.0333336e+01  -3.7357451e+01   1.0000000e+00
   9.0666664e+01  -3.7343039e+01   1.0000000e+00
   9.1000000e+01  -3.7362328e+01   1.0000000e+00
   9.1333336e+01  -3.7319236e+01   1.0000000e+00
   9.1593556e+01  -3.7170559e+01   1.0000000e+00
   9.1666664e+01  -3.7083414e+01   1.0000000e+00
   9.1766733e+01  -3.6904480e+01   1.0000000e+00
   9.2000000e+01  -3.6710846e+01   1.0000000e+00
   9.2131701e+01  -3.6637470e+01   1.0000000e+00
   9.2333336e+01  -3.6561505e+01   1.0000000e+00
   9.2666664e+01  -3.6380762e+01   1.0000000e+00
   9.2678975e+01  -3.6369530e+01   1.0000000e+00
   9.2842278e+01  -3.6100666e+01   1.0000000e+00
   9.2852928e+01  -3.5830875e+01   1.0000000e+00
   9.2790353e+01  -3.5560165e+01   1.0000000e+00
   9.2716581e+01  -3.5288540e+01   1.0000000e+00
   9.2740232e+01  -3.5015999e+01   1.0000000e+00
   9.2756761e+01  -3.4742546e+01   1.0000000e+00
   9.2666664e+01  -3.4546438e+01   1.0000000e+00
   9.2637730e+01  -3.4468185e+01   1.0000000e+00
   9.2414679e+01  -3.4192921e+01   1.0000000e+00
   9.2333336e+01  -3.4054731e+01   1.0000000e+00
   9.2268954e+01  -3.3916752e+01   1.0000000e+00
   9.2198570e+01  -3.3639690e+01   1.0000000e+00
   9.2138877e+01  -3.3361729e+01   1.0000000e+00
   9.2058910e+01  -3.3082878e+01   1.0000000e+00
   9.2057116e+01  -3.2803143e+01   1.0000000e+00
   9.2121767e+01  -3.2522522e+01   1.0000000e+00
   9.2168807e+01  -3.2241024e+01   1.0000000e+00
   9.2155156e+01  -3.1958651e+01   1.0000000e+00
   9.2078544e+01  -3.1675406e+01   1.0000000e+00
   9.2000000e+01  -3.1505862e+01   1.0000000e+00
   9.1956083e+01  -3.1391294e+01   1.0000000e+00
   9.1864074e+01  -3.1106319e+01   1.0000000e+00
   9.1863542e+01  -3.0820488e+01   1.0000000e+00
   9.2000000e+01  -3.0570643e+01   1.0000000e+00
   9.2020856e+01  -3.0533804e+01   1.0000000e+00
   9.2258624e+01  -3.0246271e+01   1.0000000e+00
   8.4001856e+01  -3.0246271e+01   2.0000000e+00
   8.4000000e+01  -3.0247034e+01   2.0000000e+00
   8.3666664e+01  -3.0395190e+01   2.0000000e+00
   8.3422822e+01  -3.0533804e+01   2.0000000e+00
   8.3333336e+01  -3.0604604e+01   2.0000000e+00
   8.3063353e+01  -3.0820488e+01   2.0000000e+00
   8.3000000e+01  -3.0872697e+01   2.0000000e+00
   8.2671917e+01  -3.1106319e+01   2.0000000e+00
   8.2666664e+01  -3.1110985e+01   2.0000000e+00
   8.2363469e+01  -3.1391294e+01   2.0000000e+00
   8.2333336e+01  -3.1434301e+01   2.0000000e+00
   8.2185149e+01  -3.1675406e+01   2.0000000e+00
   8.2091684e+01  -3.1958651e+01   2.0000000e+00
   8.2084578e+01  -3.2241024e+01   2.0000000e+00
   8.2103162e+01  -3.2522522e+01   2.0000000e+00
   8.2171287e+01  -3.2803143e+01   2.0000000e+00
   8.2319270e+01  -3.3082878e+01   2.0000000e+00
   8.2333336e+01  -3.3095583e+01   2.0000000e+00
   8.2666664e+01  -3.3347391e+01   2.0000000e+00
   8.2690687e+01  -3.3361729e+01   2.0000000e+00
   8.3000000e+01  -3.3497143e+01   2.0000000e+00
   8.3333336e+01  -3.3618561e+01   2.0000000e+00
   8.3388150e+01  -3.3639690e+01   2.0000000e+00
   8.3666664e+01  -3.3739790e+01   2.0000000e+00
   8.4000000e+01  -3.3864858e+01   2.0000000e+00
   8.4177231e+01  -3.3916752e+01   2.0000000e+00
   8.4333336e+01  -3.3967100e+01   2.0000000e+00
   8.4666664e+01  -3.4046976e+01   2.0000000e+00
   8.5000000e+01  -3.4109307e+01   2.0000000e+00
   8.5333336e+01  -3.4134280e+01   2.0000000e+00
   8.5666664e+01  -3.4130139e+01   2.0000000e+00
   8.6000000e+01  -3.4106295e+01   2.0000000e+00
   8.6333336e+01  -3.4062218e+01   2.0000000e+00
   8.6666664e+01  -3.4004421e+01   2.0000000e+00
   8.7000000e+01  -3.3925260e+01   2.0000000e+00
   8.7022859e+01  -3.3916752e+01   2.0000000e+00
   8.7314396e+01  -3.3639690e+01   2.0000000e+00
   8.7286336e+01  -3.3361729e+01   2.0000000e+00
   8.7199694e+01  -3.3082878e+01   2.0000000e+00
   8.7139006e+01  -3.2803143e+01   2.0000000e+00
   8.7107957e+01  -3.2522522e+01   2.0000000e+00
   8.7085821e+01  -3.2241024e+01   2.0000000e+00
   8.7072198e+01  -3.1958651e+01   2.0000000e+00
   8.7089508e+01  -3.1675406e+01   2.0000000e+00
   8.7096275e+01  -3.1391294e+01   2.0000000e+00
   8.7121987e+01  -3.1106319e+01   2.0000000e+00
   8.7167717e+01  -3.0820488e+01   2.0000000e+00
   8.7259018e+01  -3.0533804e+01   2.0000000e+00
   8.7333336e+01  -3.0317917e+01   2.0000000e+00
   8.7375585e+01  -3.0246271e+01   2.0000000e+00
   1.5346761e+02  -3.0246271e+01   3.0000000e+00
   1.5347607e+02  -3.0533804e+01   3.0000000e+00
   1.5348565e+02  -3.0820488e+01   3.0000000e+00
   1.5349471e+02  -3.1106319e+01   3.0000000e+00
   1.5333333e+02  -3.1258699e+01   3.0000000e+00
   1.5317823e+02  -3.1391294e+01   3.0000000e+00
   1.5318572e+02  -3.1675406e+01   3.0000000e+00
   1.5319058e+02  -3.1958651e+01   3.0000000e+00
   1.5318269e+02  -3.2241024e+01   3.0000000e+00
   1.5300000e+02  -3.2403370e+01   3.0000000e+00
   1.5285891e+02  -3.2522522e+01   3.0000000e+00
   1.5284262e+02  -3.2803143e+01   3.0000000e+00
   1.5266667e+02  -3.2950769e+01   3.0000000e+00
   1.5250925e+02  -3.3082878e+01   3.0000000e+00
   1.5233333e+02  -3.3232356e+01   3.0000000e+00
   1.5217868e+02  -3.3361729e+01   3.0000000e+00
   1.5217281e+02  -3.3639690e+01   3.0000000e+00
   1.5200000e+02  -3.3788175e+01   3.0000000e+00
   1.5184531e+02  -3.3916752e+01   3.0000000e+00
   1.5166667e+02  -3.4065541e+01   3.0000000e+00
   1.5151292e+02  -3.4192921e+01   3.0000000e+00
   1.5151072e+02  -3.4468185e+01   3.0000000e+00
   1.5133333e+02  -3.4618358e+01   3.0000000e+00
   1.5118245e+02  -3.4742546e+01   3.0000000e+00
   1.5118103e+02  -3.5015999e+01   3.0000000e+00
   1.5100000e+02  -3.5168860e+01   3.0000000e+00
   1.5085363e+02  -3.5288540e+01   3.0000000e+00
   1.5084825e+02  -3.5560165e+01   3.0000000e+00
   1.5066667e+02  -3.5711937e+01   3.0000000e+00
   1.5052021e+02  -3.5830875e+01   3.0000000e+00
   1.5051715e+02  -3.6100666e+01   3.0000000e+00
   1.5051818e+02  -3.6369530e+01   3.0000000e+00
   1.5033333e+02  -3.6528549e+01   3.0000000e+00
   1.5019783e+02  -3.6637470e+01   3.0000000e+00
   1.5020610e+02  -3.6904480e+01   3.0000000e+00
   1.5022196e+02  -3.7170559e+01   3.0000000e+00
   1.5024826e+02  -3.7435707e+01   3.0000000e+00
   1.5028740e+02  -3.7699917e+01   3.0000000e+00
   1.5033333e+02  -3.7933083e+01   3.0000000e+00
   1.5038400e+02  -3.7963188e+01   3.0000000e+00
   1.5066667e+02  -3.8206473e+01   3.0000000e+00
   1.5068766e+02  -3.8225521e+01   3.0000000e+00
   1.5096512e+02  -3.8486908e+01   3.0000000e+00
   1.5100000e+02  -3.8525446e+01   3.0000000e+00
   1.5127811e+02  -3.8747353e+01   3.0000000e+00
   1.5133333e+02  -3.8780537e+01   3.0000000e+00
   1.5166667e+02  -3.8948301e+01   3.0000000e+00
   1.5178648e+02  -3.9006851e+01   3.0000000e+00
   1.5200000e+02  -3.9141054e+01   3.0000000e+00
   1.5228822e+02  -3.9265400e+01   3.0000000e+00
   1.5233333e+02  -3.9288280e+01   3.0000000e+00
   1.5266667e+02  -3.9362022e+01   3.0000000e+00
   1.5300000e+02  -3.9351689e+01   3.0000000e+00
   1.5327492e+02  -3.9265400e+01   3.0000000e+00
   1.5333333e+02  -3.9234525e+01   3.0000000e+00
   1.5363920e+02  -3.9006851e+01   3.0000000e+00
   1.5366667e+02  -3.8868033e+01   3.0000000e+00
   1.5369113e+02  -3.8747353e+01   3.0000000e+00
   1.5378222e+02  -3.8486908e+01   3.0000000e+00
   1.5391155e+02  -3.8225521e+01   3.0000000e+00
   1.5400000e+02  -3.8069086e+01   3.0000000e+00
   1.5408803e+02  -3.7963188e+01   3.0000000e+00
   1.5430178e+02  -3.7699917e+01   3.0000000e+00
   1.5433333e+02  -3.7661618e+01   3.0000000e+00
   1.5462584e+02  -3.7435707e+01   3.0000000e+00
   1.5466667e+02  -3.7405371e+01   3.0000000e+00
   1.5500000e+02  -3.7189487e+01   3.0000000e+00
   1.5503461e+02  -3.7170559e+01   3.0000000e+00
   1.5533333e+02  -3.6991826e+01   3.0000000e+00
   1.5544263e+02  -3.6904480e+01   3.0000000e+00
   1.5566667e+02  -3.6667889e+01   3.0000000e+00
   1.5569002e+02  -3.6637470e+01   3.0000000e+00
   1.5593373e+02  -3.6369530e+01   3.0000000e+00
   1.5600000e+02  -3.6317929e+01   3.0000000e+00
   1.5633333e+02  -3.6135950e+01   3.0000000e+00
   1.5647943e+02  -3.6100666e+01   3.0000000e+00
   1.5666667e+02  -3.6065274e+01   3.0000000e+00
   1.5686891e+02  -3.6100666e+01   3.0000000e+00
   1.5700000e+02  -3.6128996e+01   3.0000000e+00
   1.5733333e+02  -3.6330031e+01   3.0000000e+00
   1.5738471e+02  -3.6369530e+01   3.0000000e+00
   1.5766667e+02  -3.6632048e+01   3.0000000e+00
   1.5767054e+02  -3.6637470e+01   3.0000000e+00
   1.5777083e+02  -3.6904480e+01   3.0000000e+00
   1.5784460e+02  -3.7170559e+01   3.0000000e+00
   1.5792783e+02  -3.7435707e+01   3.0000000e+00
   1.5798786e+02  -3.7699917e+01   3.0000000e+00
   1.5799140e+02  -3.7963188e+01   3.0000000e+00
   1.5796532e+02  -3.8225521e+01   3.0000000e+00
   1.5792726e+02  -3.8486908e+01   3.0000000e+00
   1.5800000e+02  -3.8729934e+01   3.0000000e+00
   1.5801940e+02  -3.8747353e+01   3.0000000e+00
   1.5833333e+02  -3.8856069e+01   3.0000000e+00
   1.5866667e+02  -3.8795939e+01   3.0000000e+00
   1.5894881e+02  -3.8747353e+01   3.0000000e+00
   1.5900000e+02  -3.8741859e+01   3.0000000e+00
   1.5933333e+02  -3.8687100e+01   3.0000000e+00
   1.5966667e+02  -3.8657780e+01   3.0000000e+00
   1.6000000e+02  -3.8625985e+01   3.0000000e+00
   1.6033333e+02  -3.8555615e+01   3.0000000e+00
   1.6053339e+02  -3.8486908e+01   3.0000000e+00
   1.6066667e+02  -3.8440581e+01   3.0000000e+00
   1.6100000e+02  -3.8321858e+01   3.0000000e+00
   1.6133333e+02  -3.8230547e+01   3.0000000e+00
   1.6134852e+02  -3.8225521e+01   3.0000000e+00
   1.6166667e+02  -3.8128335e+01   3.0000000e+00
   1.6199973e+02  -3.7963188e+01   3.0000000e+00
   1.6200000e+02  -3.7963061e+01   3.0000000e+00
   1.6233333e+02  -3.7790186e+01   3.0000000e+00
   1.6250293e+02  -3.7699917e+01   3.0000000e+00
   1.6266667e+02  -3.7613511e+01   3.0000000e+00
   1.6299835e+02  -3.7435707e+01   3.0000000e+00
   1.6300000e+02  -3.7434904e+01   3.0000000e+00
   1.6333333e+02  -3.7316594e+01   3.0000000e+00
   1.6366667e+02  -3.7213500e+01   3.0000000e+00
   1.6378509e+02  -3.7170559e+01   3.0000000e+00
   1.6400000e+02  -3.7077940e+01   3.0000000e+00
   1.6433333e+02  -3.6939292e+01   3.0000000e+00
   1.6444407e+02  -3.6904480e+01   3.0000000e+00
   1.6466667e+02  -3.6838530e+01   3.0000000e+00
   1.6500000e+02  -3.6742420e+01   3.0000000e+00
   1.6517536e+02  -3.6637470e+01   3.0000000e+00
   1.6533333e+02  -3.6546737e+01   3.0000000e+00
   1.6560629e+02  -3.6369530e+01   3.0000000e+00
   1.6566667e+02  -3.6337564e+01   3.0000000e+00
   1.6600000e+02  -3.6222870e+01   3.0000000e+00
   1.6633333e+02  -3.6122727e+01   3.0000000e+00
   1.6642078e+02  -3.6100666e+01   3.0000000e+00
   1.6666667e+02  -3.6054340e+01   3.0000000e+00
   1.6700000e+02  -3.5940102e+01   3.0000000e+00
   1.6733333e+02  -3.5869402e+01   3.0000000e+00
   1.6760128e+02  -3.6100666e+01   3.0000000e+00
   1.6766667e+02  -3.6155619e+01   3.0000000e+00
   1.6790093e+02  -3.6369530e+01   3.0000000e+00
   1.6800000e+02  -3.6429698e+01   3.0000000e+00
   1.6833333e+02  -3.6612389e+01   3.0000000e+00
   1.6837034e+02  -3.6637470e+01   3.0000000e+00
   1.6853905e+02  -3.6904480e+01   3.0000000e+00
   1.6842451e+02  -3.7170559e+01   3.0000000e+00
   1.6866089e+02  -3.7435707e+01   3.0000000e+00
   1.6866667e+02  -3.7440293e+01   3.0000000e+00
   1.6900000e+02  -3.7444310e+01   3.0000000e+00
   1.6931418e+02  -3.7699917e+01   3.0000000e+00
   1.6933333e+02  -3.7715043e+01   3.0000000e+00
   1.6966667e+02  -3.7717194e+01   3.0000000e+00
   1.6997449e+02  -3.7963188e+01   3.0000000e+00
   1.7000000e+02  -3.7983264e+01   3.0000000e+00
   1.7031006e+02  -3.8225521e+01   3.0000000e+00
   1.7033333e+02  -3.8243766e+01   3.0000000e+00
   1.7064459e+02  -3.8486908e+01   3.0000000e+00
   1.7066667e+02  -3.8504159e+01   3.0000000e+00
   1.7097839e+02  -3.8747353e+01   3.0000000e+00
   1.7097968e+02  -3.9006851e+01   3.0000000e+00
   1.7100000e+02  -3.9022616e+01   3.0000000e+00
   1.7133333e+02  -3.9018938e+01   3.0000000e+00
   1.7166667e+02  -3.9015482e+01   3.0000000e+00
   1.7200000e+02  -3.9012638e+01   3.0000000e+00
   1.7200746e+02  -3.9006851e+01   3.0000000e+00
   1.7200755e+02  -3.8747353e+01   3.0000000e+00
   1.7233333e+02  -3.8488946e+01   3.0000000e+00
   1.7233594e+02  -3.8486908e+01   3.0000000e+00
   1.7266667e+02  -3.8226548e+01   3.0000000e+00
   1.7290405e+02  -3.8225521e+01   3.0000000e+00
   1.7300000e+02  -3.8195404e+01   3.0000000e+00
   1.7333333e+02  -3.7968290e+01   3.0000000e+00
   1.7333981e+02  -3.7963188e+01   3.0000000e+00
   1.7366667e+02  -3.7711072e+01   3.0000000e+00
   1.7368080e+02  -3.7699917e+01   3.0000000e+00
   1.7368486e+02  -3.7435707e+01   3.0000000e+00
   1.7368844e+02  -3.7170559e+01   3.0000000e+00
   1.7369205e+02  -3.6904480e+01   3.0000000e+00
   1.7366667e+02  -3.6884151e+01   3.0000000e+00
   1.7336358e+02  -3.6637470e+01   3.0000000e+00
   1.7336474e+02  -3.6369530e+01   3.0000000e+00
   1.7333333e+02  -3.6344190e+01   3.0000000e+00
   1.7303372e+02  -3.6100666e+01   3.0000000e+00
   1.7300000e+02  -3.6073370e+01   3.0000000e+00
   1.7270212e+02  -3.5830875e+01   3.0000000e+00
   1.7266667e+02  -3.5802086e+01   3.0000000e+00
   1.7236965e+02  -3.5560165e+01   3.0000000e+00
   1.7233333e+02  -3.5530565e+01   3.0000000e+00
   1.7203303e+02  -3.5288540e+01   3.0000000e+00
   1.7203114e+02  -3.5015999e+01   3.0000000e+00
   1.7200000e+02  -3.4990449e+01   3.0000000e+00
   1.7170555e+02  -3.4742546e+01   3.0000000e+00
   1.7166667e+02  -3.4710546e+01   3.0000000e+00
   1.7137670e+02  -3.4468185e+01   3.0000000e+00
   1.7138722e+02  -3.4192921e+01   3.0000000e+00
   1.7133333e+02  -3.4148273e+01   3.0000000e+00
   1.7105910e+02  -3.3916752e+01   3.0000000e+00
   1.7133333e+02  -3.3699953e+01   3.0000000e+00
   1.7166667e+02  -3.3705431e+01   3.0000000e+00
   1.7200000e+02  -3.3711038e+01   3.0000000e+00
   1.7233333e+02  -3.3715296e+01   3.0000000e+00
   1.7258262e+02  -3.3916752e+01   3.0000000e+00
   1.7266667e+02  -3.3986385e+01   3.0000000e+00
   1.7300000e+02  -3.3988558e+01   3.0000000e+00
   1.7326211e+02  -3.4192921e+01   3.0000000e+00
   1.7333333e+02  -3.4251737e+01   3.0000000e+00
   1.7366667e+02  -3.4248253e+01   3.0000000e+00
   1.7395011e+02  -3.4468185e+01   3.0000000e+00
   1.7400000e+02  -3.4509246e+01   3.0000000e+00
   1.7433333e+02  -3.4506639e+01   3.0000000e+00
   1.7462691e+02  -3.4742546e+01   3.0000000e+00
   1.7466667e+02  -3.4775168e+01   3.0000000e+00
   1.7500000e+02  -3.4774552e+01   3.0000000e+00
   1.7529227e+02  -3.5015999e+01   3.0000000e+00
   1.7533333e+02  -3.5049566e+01   3.0000000e+00
   1.7561564e+02  -3.5288540e+01   3.0000000e+00
   1.7566667e+02  -3.5330126e+01   3.0000000e+00
   1.7593809e+02  -3.5560165e+01   3.0000000e+00
   1.7600000e+02  -3.5610442e+01   3.0000000e+00
   1.7633333e+02  -3.5613916e+01   3.0000000e+00
   1.7659291e+02  -3.5830875e+01   3.0000000e+00
   1.7658976e+02  -3.6100666e+01   3.0000000e+00
   1.7658714e+02  -3.6369530e+01   3.0000000e+00
   1.7633333e+02  -3.6573907e+01   3.0000000e+00
   1.7625425e+02  -3.6637470e+01   3.0000000e+00
   1.7633333e+02  -3.6700812e+01   3.0000000e+00
   1.7658367e+02  -3.6904480e+01   3.0000000e+00
   1.7666667e+02  -3.6970734e+01   3.0000000e+00
   1.7691595e+02  -3.7170559e+01   3.0000000e+00
   1.7700000e+02  -3.7237419e+01   3.0000000e+00
   1.7733333e+02  -3.7239901e+01   3.0000000e+00
   1.7766667e+02  -3.7242002e+01   3.0000000e+00
   1.7800000e+02  -3.7242763e+01   3.0000000e+00
   1.7833333e+02  -3.7241030e+01   3.0000000e+00
   1.7866667e+02  -3.7239496e+01   3.0000000e+00
   1.7892034e+02  -3.7435707e+01   3.0000000e+00
   1.7892696e+02  -3.7699917e+01   3.0000000e+00
   1.7893348e+02  -3.7963188e+01   3.0000000e+00
   1.7893746e+02  -3.8225521e+01   3.0000000e+00
   1.7893989e+02  -3.8486908e+01   3.0000000e+00
   1.7866667e+02  -3.8700586e+01   3.0000000e+00
   1.7860681e+02  -3.8747353e+01   3.0000000e+00
   1.7833333e+02  -3.8960989e+01   3.0000000e+00
   1.7827442e+02  -3.9006851e+01   3.0000000e+00
   1.7827336e+02  -3.9265400e+01   3.0000000e+00
   1.7833333e+02  -3.9311746e+01   3.0000000e+00
   1.7860129e+02  -3.9522999e+01   3.0000000e+00
   1.7859877e+02  -3.9779644e+01   3.0000000e+00
   1.7833333e+02  -3.9985267e+01   3.0000000e+00
   1.7805863e+02  -3.9779644e+01   3.0000000e+00
   1.7800000e+02  -3.9734503e+01   3.0000000e+00
   1.7794137e+02  -3.9779644e+01   3.0000000e+00
   1.7766667e+02  -3.9994498e+01   3.0000000e+00
   1.7761343e+02  -4.0035339e+01   3.0000000e+00
   1.7733333e+02  -4.0253807e+01   3.0000000e+00
   1.7728587e+02  -4.0290077e+01   3.0000000e+00
   1.7728747e+02  -4.0543858e+01   3.0000000e+00
   1.7700000e+02  -4.0768421e+01   3.0000000e+00
   1.7696274e+02  -4.0796680e+01   3.0000000e+00
   1.7666667e+02  -4.1026861e+01   3.0000000e+00
   1.7663797e+02  -4.1048546e+01   3.0000000e+00
   1.7633333e+02  -4.1285877e+01   3.0000000e+00
   1.7631530e+02  -4.1299450e+01   3.0000000e+00
   1.7600000e+02  -4.1545155e+01   3.0000000e+00
   1.7599435e+02  -4.1549393e+01   3.0000000e+00
   1.7591750e+02  -4.1798374e+01   3.0000000e+00
   1.7598762e+02  -4.2046391e+01   3.0000000e+00
   1.7600000e+02  -4.2059728e+01   3.0000000e+00
   1.7633333e+02  -4.2263770e+01   3.0000000e+00
   1.7636211e+02  -4.2293442e+01   3.0000000e+00
   1.7666453e+02  -4.2539528e+01   3.0000000e+00
   1.7666667e+02  -4.2539582e+01   3.0000000e+00
   1.7700000e+02  -4.2547630e+01   3.0000000e+00
   1.7733333e+02  -4.2553428e+01   3.0000000e+00
   1.7766667e+02  -4.2557537e+01   3.0000000e+00
   1.7800000e+02  -4.2559609e+01   3.0000000e+00
   1.7833333e+02  -4.2768519e+01   3.0000000e+00
   1.7866667e+02  -4.2749176e+01   3.0000000e+00
   1.7900000e+02  -4.2729987e+01   3.0000000e+00
   1.7933333e+02  -4.2715140e+01   3.0000000e+00
   1.7966667e+02  -4.2553285e+01   3.0000000e+00
   1.8000000e+02  -4.2554776e+01   3.0000000e+00
   1.8033333e+02  -4.2775703e+01   3.0000000e+00
   1.8066667e+02  -4.2549903e+01   3.0000000e+00
   1.8100000e+02  -4.2546813e+01   3.0000000e+00
   1.8133333e+02  -4.2544575e+01   3.0000000e+00
   1.8166667e+02  -4.2543532e+01   3.0000000e+00
   1.8200000e+02  -4.2543254e+01   3.0000000e+00
   1.8233333e+02  -4.2650414e+01   3.0000000e+00
   1.8266667e+02  -4.2630415e+01   3.0000000e+00
   1.8300000e+02  -4.2621425e+01   3.0000000e+00
   1.8333333e+02  -4.2629121e+01   3.0000000e+00
   1.8366667e+02  -4.2626667e+01   3.0000000e+00
   1.8400000e+02  -4.2610256e+01   3.0000000e+00
   1.8433333e+02  -4.2606026e+01   3.0000000e+00
   1.8466667e+02  -4.2604498e+01   3.0000000e+00
   1.8500000e+02  -4.2606454e+01   3.0000000e+00
   1.8533333e+02  -4.2567581e+01   3.0000000e+00
   1.8566667e+02  -4.2564469e+01   3.0000000e+00
   1.8600000e+02  -4.2629097e+01   3.0000000e+00
   1.8628013e+02  -4.2784649e+01   3.0000000e+00
   1.8633333e+02  -4.2819449e+01   3.0000000e+00
   1.8666667e+02  -4.3025052e+01   3.0000000e+00
   1.8667341e+02  -4.3028801e+01   3.0000000e+00
   1.8676841e+02  -4.3271988e+01   3.0000000e+00
   1.8681781e+02  -4.3514206e+01   3.0000000e+00
   1.8672235e+02  -4.3755459e+01   3.0000000e+00
   1.8666667e+02  -4.3906709e+01   3.0000000e+00
   1.8662804e+02  -4.3995739e+01   3.0000000e+00
   1.8654599e+02  -4.4235054e+01   3.0000000e+00
   1.8640980e+02  -4.4473396e+01   3.0000000e+00
   1.8633333e+02  -4.4568923e+01   3.0000000e+00
   1.8624592e+02  -4.4710770e+01   3.0000000e+00
   1.8621632e+02  -4.4947174e+01   3.0000000e+00
   1.8627664e+02  -4.5182610e+01   3.0000000e+00
   1.8633333e+02  -4.5310998e+01   3.0000000e+00
   1.8637576e+02  -4.5417072e+01   3.0000000e+00
   1.8655441e+02  -4.5650570e+01   3.0000000e+00
   1.8666667e+02  -4.5744113e+01   3.0000000e+00
   1.8679737e+02  -4.5883095e+01   3.0000000e+00
   1.8700000e+02  -4.6032930e+01   3.0000000e+00
   1.8709473e+02  -4.6114651e+01   3.0000000e+00
   1.8733333e+02  -4.6286854e+01   3.0000000e+00
   1.8739968e+02  -4.6345242e+01   3.0000000e+00
   1.8765896e+02  -4.6574860e+01   3.0000000e+00
   1.8766667e+02  -4.6580077e+01   3.0000000e+00
   1.8797086e+02  -4.6803513e+01   3.0000000e+00
   1.8800000e+02  -4.6824341e+01   3.0000000e+00
   1.8833333e+02  -4.7028459e+01   3.0000000e+00
   1.8834206e+02  -4.7031197e+01   3.0000000e+00
   1.8866667e+02  -4.7114430e+01   3.0000000e+00
   1.8900000e+02  -4.7123129e+01   3.0000000e+00
   1.8933333e+02  -4.7128583e+01   3.0000000e+00
   1.8966667e+02  -4.7178559e+01   3.0000000e+00
   1.9000000e+02  -4.7215819e+01   3.0000000e+00
   1.9033333e+02  -4.7214421e+01   3.0000000e+00
   1.9066667e+02  -4.7203210e+01   3.0000000e+00
   1.9100000e+02  -4.7210613e+01   3.0000000e+00
   1.9133333e+02  -4.7221991e+01   3.0000000e+00
   1.9166667e+02  -4.7211358e+01   3.0000000e+00
   1.9200000e+02  -4.7186114e+01   3.0000000e+00
   1.9233333e+02  -4.7190112e+01   3.0000000e+00
   1.9266667e+02  -4.7222577e+01   3.0000000e+00
   1.9300000e+02  -4.7244970e+01   3.0000000e+00
   1.9333333e+02  -4.7242442e+01   3.0000000e+00
   1.9366667e+02  -4.7221274e+01   3.0000000e+00
   1.9400000e+02  -4.7165430e+01   3.0000000e+00
   1.9433333e+02  -4.7064365e+01   3.0000000e+00
   1.9443392e+02  -4.7031197e+01   3.0000000e+00
   1.9466667e+02  -4.6890375e+01   3.0000000e+00
   1.9483019e+02  -4.6803513e+01   3.0000000e+00
   1.9500000e+02  -4.6685225e+01   3.0000000e+00
   1.9515961e+02  -4.6574860e+01   3.0000000e+00
   1.9533333e+02  -4.6373296e+01   3.0000000e+00
   1.9535857e+02  -4.6345242e+01   3.0000000e+00
   1.9550226e+02  -4.6114651e+01   3.0000000e+00
   1.9557975e+02  -4.5883095e+01   3.0000000e+00
   1.9559150e+02  -4.5650570e+01   3.0000000e+00
   1.9537498e+02  -4.5417072e+01   3.0000000e+00
   1.9533333e+02  -4.5404871e+01   3.0000000e+00
   1.9500000e+02  -4.5378505e+01   3.0000000e+00
   1.9466667e+02  -4.5351269e+01   3.0000000e+00
   1.9433333e+02  -4.5281489e+01   3.0000000e+00
   1.9410413e+02  -4.5182610e+01   3.0000000e+00
   1.9400000e+02  -4.5042355e+01   3.0000000e+00
   1.9395716e+02  -4.4947174e+01   3.0000000e+00
   1.9396099e+02  -4.4710770e+01   3.0000000e+00
   1.9400000e+02  -4.4636109e+01   3.0000000e+00
   1.9406163e+02  -4.4473396e+01   3.0000000e+00
   1.9417543e+02  -4.4235054e+01   3.0000000e+00
   1.9426233e+02  -4.3995739e+01   3.0000000e+00
   1.9420885e+02  -4.3755459e+01   3.0000000e+00
   1.9400000e+02  -4.3591439e+01   3.0000000e+00
   1.9366667e+02  -4.3523562e+01   3.0000000e+00
   1.9333333e+02  -4.3584652e+01   3.0000000e+00
   1.9300000e+02  -4.3666585e+01   3.0000000e+00
   1.9266667e+02  -4.3694488e+01   3.0000000e+00
   1.9233333e+02  -4.3621160e+01   3.0000000e+00
   1.9215528e+02  -4.3514206e+01   3.0000000e+00
   1.9200000e+02  -4.3378071e+01   3.0000000e+00
   1.9191001e+02  -4.3271988e+01   3.0000000e+00
   1.9171620e+02  -4.3028801e+01   3.0000000e+00
   1.9166667e+02  -4.2872177e+01   3.0000000e+00
   1.9163747e+02  -4.2784649e+01   3.0000000e+00
   1.9153171e+02  -4.2539528e+01   3.0000000e+00
   1.9146091e+02  -4.2293442e+01   3.0000000e+00
   1.9139990e+02  -4.2046391e+01   3.0000000e+00
   1.9146107e+02  -4.1798374e+01   3.0000000e+00
   1.9156150e+02  -4.1549393e+01   3.0000000e+00
   1.9164967e+02  -4.1299450e+01   3.0000000e+00
   1.9166667e+02  -4.1206798e+01   3.0000000e+00
   1.9169230e+02  -4.1048546e+01   3.0000000e+00
   1.9173674e+02  -4.0796680e+01   3.0000000e+00
   1.9182457e+02  -4.0543858e+01   3.0000000e+00
   1.9195850e+02  -4.0290077e+01   3.0000000e+00
   1.9200000e+02  -4.0218957e+01   3.0000000e+00
   1.9210826e+02  -4.0035339e+01   3.0000000e+00
   1.9219881e+02  -3.9779644e+01   3.0000000e+00
   1.9225369e+02  -3.9522999e+01   3.0000000e+00
   1.9227619e+02  -3.9265400e+01   3.0000000e+00
   1.9229000e+02  -3.9006851e+01   3.0000000e+00
   1.9227885e+02  -3.8747353e+01   3.0000000e+00
   1.9228500e+02  -3.8486908e+01   3.0000000e+00
   1.9230974e+02  -3.8225521e+01   3.0000000e+00
   1.9231329e+02  -3.7963188e+01   3.0000000e+00
   1.9230807e+02  -3.7699917e+01   3.0000000e+00
   1.9230269e+02  -3.7435707e+01   3.0000000e+00
   1.9232305e+02  -3.7170559e+01   3.0000000e+00
   1.9233333e+02  -3.7096374e+01   3.0000000e+00
   1.9236453e+02  -3.6904480e+01   3.0000000e+00
   1.9243411e+02  -3.6637470e+01   3.0000000e+00
   1.9254006e+02  -3.6369530e+01   3.0000000e+00
   1.9265633e+02  -3.6100666e+01   3.0000000e+00
   1.9266667e+02  -3.6074023e+01   3.0000000e+00
   1.9273481e+02  -3.5830875e+01   3.0000000e+00
   1.9280965e+02  -3.5560165e+01   3.0000000e+00
   1.9300000e+02  -3.5306102e+01   3.0000000e+00
   1.9301737e+02  -3.5288540e+01   3.0000000e+00
   1.9333333e+02  -3.5128669e+01   3.0000000e+00
   1.9366667e+02  -3.5045793e+01   3.0000000e+00
   1.9387599e+02  -3.5015999e+01   3.0000000e+00
   1.9400000e+02  -3.5000140e+01   3.0000000e+00
   1.9433333e+02  -3.4965790e+01   3.0000000e+00
   1.9466667e+02  -3.4910639e+01   3.0000000e+00
   1.9500000e+02  -3.4833404e+01   3.0000000e+00
   1.9533333e+02  -3.4785375e+01   3.0000000e+00
   1.9566667e+02  -3.4777633e+01   3.0000000e+00
   1.9600000e+02  -3.4831556e+01   3.0000000e+00
   1.9633333e+02  -3.4948915e+01   3.0000000e+00
   1.9649279e+02  -3.5015999e+01   3.0000000e+00
   1.9666667e+02  -3.5094194e+01   3.0000000e+00
   1.9700000e+02  -3.5241815e+01   3.0000000e+00
   1.9711604e+02  -3.5288540e+01   3.0000000e+00
   1.9733333e+02  -3.5371724e+01   3.0000000e+00
   1.9766667e+02  -3.5457936e+01   3.0000000e+00
   1.9800000e+02  -3.5536408e+01   3.0000000e+00
   1.9809437e+02  -3.5560165e+01   3.0000000e+00
   1.9833333e+02  -3.5632028e+01   3.0000000e+00
   1.9866667e+02  -3.5730769e+01   3.0000000e+00
   1.9896229e+02  -3.5830875e+01   3.0000000e+00
   1.9900000e+02  -3.5849936e+01   3.0000000e+00
   1.9933333e+02  -3.6046533e+01   3.0000000e+00
   1.9942927e+02  -3.6100666e+01   3.0000000e+00
   1.9966667e+02  -3.6259044e+01   3.0000000e+00
   1.9989766e+02  -3.6369530e+01   3.0000000e+00
   2.0000000e+02  -3.6421373e+01   3.0000000e+00
   2.0033333e+02  -3.6554439e+01   3.0000000e+00
   2.0055602e+02  -3.6637470e+01   3.0000000e+00
   2.0066667e+02  -3.6677282e+01   3.0000000e+00
   2.0100000e+02  -3.6758435e+01   3.0000000e+00
   2.0133333e+02  -3.6774907e+01   3.0000000e+00
   2.0166667e+02  -3.6787742e+01   3.0000000e+00
   2.0200000e+02  -3.6814981e+01   3.0000000e+00
   2.0233333e+02  -3.6817255e+01   3.0000000e+00
   2.0266667e+02  -3.6842497e+01   3.0000000e+00
   2.0292371e+02  -3.6904480e+01   3.0000000e+00
   2.0300000e+02  -3.6927151e+01   3.0000000e+00
   2.0333333e+02  -3.7014287e+01   3.0000000e+00
   2.0366667e+02  -3.7057473e+01   3.0000000e+00
   2.0400000e+02  -3.7030474e+01   3.0000000e+00
   2.0431861e+02  -3.6904480e+01   3.0000000e+00
   2.0433333e+02  -3.6899227e+01   3.0000000e+00
   2.0466667e+02  -3.6748469e+01   3.0000000e+00
   2.0482754e+02  -3.6637470e+01   3.0000000e+00
   2.0500000e+02  -3.6537114e+01   3.0000000e+00
   2.0521119e+02  -3.6369530e+01   3.0000000e+00
   2.0533333e+02  -3.6310211e+01   3.0000000e+00
   2.0566667e+02  -3.6164608e+01   3.0000000e+00
   2.0584918e+02  -3.6100666e+01   3.0000000e+00
   2.0600000e+02  -3.6055849e+01   3.0000000e+00
   2.0633333e+02  -3.5966160e+01   3.0000000e+00
   2.0666667e+02  -3.5878702e+01   3.0000000e+00
   2.0680844e+02  -3.5830875e+01   3.0000000e+00
   2.0700000e+02  -3.5766340e+01   3.0000000e+00
   2.0733333e+02  -3.5623343e+01   3.0000000e+00
   2.0746943e+02  -3.5560165e+01   3.0000000e+00
   2.0766667e+02  -3.5455418e+01   3.0000000e+00
   2.0796159e+02  -3.5288540e+01   3.0000000e+00
   2.0800000e+02  -3.5262164e+01   3.0000000e+00
   2.0833333e+02  -3.5082534e+01   3.0000000e+00
   2.0850160e+02  -3.5015999e+01   3.0000000e+00
   2.0866667e+02  -3.4951221e+01   3.0000000e+00
   2.0900000e+02  -3.4844892e+01   3.0000000e+00
   2.0933333e+02  -3.4776360e+01   3.0000000e+00
   2.0960166e+02  -3.4742546e+01   3.0000000e+00
   2.0966667e+02  -3.4732582e+01   3.0000000e+00
   2.1000000e+02  -3.4725860e+01   3.0000000e+00
   2.1007288e+02  -3.4742546e+01   3.0000000e+00
   2.1033333e+02  -3.4795043e+01   3.0000000e+00
   2.1066667e+02  -3.4895557e+01   3.0000000e+00
   2.1100000e+02  -3.5012066e+01   3.0000000e+00
   2.1101138e+02  -3.5015999e+01   3.0000000e+00
   2.1133333e+02  -3.5150771e+01   3.0000000e+00
   2.1166667e+02  -3.5203783e+01   3.0000000e+00
   2.1200000e+02  -3.5206151e+01   3.0000000e+00
   2.1233333e+02  -3.5257868e+01   3.0000000e+00
   2.1242097e+02  -3.5288540e+01   3.0000000e+00
   2.1266667e+02  -3.5379518e+01   3.0000000e+00
   2.1300000e+02  -3.5533529e+01   3.0000000e+00
   2.1305472e+02  -3.5560165e+01   3.0000000e+00
   2.1333333e+02  -3.5703554e+01   3.0000000e+00
   2.1355989e+02  -3.5830875e+01   3.0000000e+00
   2.1366667e+02  -3.5897908e+01   3.0000000e+00
   2.1396184e+02  -3.6100666e+01   3.0000000e+00
   2.1400000e+02  -3.6132824e+01   3.0000000e+00
   2.1426764e+02  -3.6369530e+01   3.0000000e+00
   2.1433333e+02  -3.6430035e+01   3.0000000e+00
   2.1454815e+02  -3.6637470e+01   3.0000000e+00
   2.1466667e+02  -3.6728313e+01   3.0000000e+00
   2.1493286e+02  -3.6904480e+01   3.0000000e+00
   2.1500000e+02  -3.6949168e+01   3.0000000e+00
   2.1533333e+02  -3.7106146e+01   3.0000000e+00
   2.1559643e+02  -3.7170559e+01   3.0000000e+00
   2.1566667e+02  -3.7208957e+01   3.0000000e+00
   2.1600000e+02  -3.7331887e+01   3.0000000e+00
   2.1617373e+02  -3.7435707e+01   3.0000000e+00
   2.1633333e+02  -3.7514461e+01   3.0000000e+00
   2.1666667e+02  -3.7645622e+01   3.0000000e+00
   2.1694870e+02  -3.7699917e+01   3.0000000e+00
   2.1700000e+02  -3.7706090e+01   3.0000000e+00
   2.1733333e+02  -3.7719824e+01   3.0000000e+00
   2.1766667e+02  -3.7729772e+01   3.0000000e+00
   2.1800000e+02  -3.7712888e+01   3.0000000e+00
   2.1805190e+02  -3.7699917e+01   3.0000000e+00
   2.1833333e+02  -3.7616373e+01   3.0000000e+00
   2.1866667e+02  -3.7482366e+01   3.0000000e+00
   2.1878845e+02  -3.7435707e+01   3.0000000e+00
   2.1900000e+02  -3.7329533e+01   3.0000000e+00
   2.1933333e+02  -3.7185825e+01   3.0000000e+00
   2.1940983e+02  -3.7170559e+01   3.0000000e+00
   2.1966667e+02  -3.7127393e+01   3.0000000e+00
   2.2000000e+02  -3.7157888e+01   3.0000000e+00
   2.2005067e+02  -3.7170559e+01   3.0000000e+00
   2.2033333e+02  -3.7241447e+01   3.0000000e+00
   2.2066667e+02  -3.7313246e+01   3.0000000e+00
   2.2100000e+02  -3.7336072e+01   3.0000000e+00
   2.2133333e+02  -3.7322700e+01   3.0000000e+00
   2.2166667e+02  -3.7287069e+01   3.0000000e+00
   2.2200000e+02  -3.7234435e+01   3.0000000e+00
   2.2233333e+02  -3.7179919e+01   3.0000000e+00
   2.2238748e+02  -3.7170559e+01   3.0000000e+00
   2.2266667e+02  -3.7107505e+01   3.0000000e+00
   2.2300000e+02  -3.7013284e+01   3.0000000e+00
   2.2333333e+02  -3.6928123e+01   3.0000000e+00
   2.2366667e+02  -3.6908306e+01   3.0000000e+00
   2.2400000e+02  -3.6936498e+01   3.0000000e+00
   2.2433333e+02  -3.6957884e+01   3.0000000e+00
   2.2466667e+02  -3.6990252e+01   3.0000000e+00
   2.2500000e+02  -3.7052639e+01   3.0000000e+00
   2.2533333e+02  -3.7166173e+01   3.0000000e+00
   2.2534383e+02  -3.7170559e+01   3.0000000e+00
   2.2566667e+02  -3.7289807e+01   3.0000000e+00
   2.2600000e+02  -3.7376535e+01   3.0000000e+00
   2.2633333e+02  -3.7332358e+01   3.0000000e+00
   2.2666667e+02  -3.7184446e+01   3.0000000e+00
   2.2671102e+02  -3.7170559e+01   3.0000000e+00
   2.2700000e+02  -3.7085085e+01   3.0000000e+00
   2.2733333e+02  -3.7094963e+01   3.0000000e+00
   2.2761170e+02  -3.7170559e+01   3.0000000e+00
   2.2766667e+02  -3.7186287e+01   3.0000000e+00
   2.2800000e+02  -3.7286744e+01   3.0000000e+00
   2.2833333e+02  -3.7353098e+01   3.0000000e+00
   2.2866667e+02  -3.7387709e+01   3.0000000e+00
   2.2900000e+02  -3.7414858e+01   3.0000000e+00
   2.2927931e+02  -3.7435707e+01   3.0000000e+00
   2.2933333e+02  -3.7439143e+01   3.0000000e+00
   2.2966667e+02  -3.7475408e+01   3.0000000e+00
   2.3000000e+02  -3.7522028e+01   3.0000000e+00
   2.3033333e+02  -3.7550535e+01   3.0000000e+00
   2.3066667e+02  -3.7539243e+01   3.0000000e+00
   2.3100000e+02  -3.7450194e+01   3.0000000e+00
   2.3103678e+02  -3.7435707e+01   3.0000000e+00
   2.3133333e+02  -3.7318826e+01   3.0000000e+00
   2.3166667e+02  -3.7264939e+01   3.0000000e+00
   2.3200000e+02  -3.7293075e+01   3.0000000e+00
   2.3233333e+02  -3.7358171e+01   3.0000000e+00
   2.3266667e+02  -3.7394332e+01   3.0000000e+00
   2.3300000e+02  -3.7348544e+01   3.0000000e+00
   2.3333333e+02  -3.7199078e+01   3.0000000e+00
   2.3338450e+02  -3.7170559e+01   3.0000000e+00
   2.3366667e+02  -3.7004367e+01   3.0000000e+00
   2.3400000e+02  -3.6919333e+01   3.0000000e+00
   2.3433333e+02  -3.6915792e+01   3.0000000e+00
   2.3466667e+02  -3.6913022e+01   3.0000000e+00
   2.3471087e+02  -3.6904480e+01   3.0000000e+00
   2.3500000e+02  -3.6837296e+01   3.0000000e+00
   2.3533333e+02  -3.6708886e+01   3.0000000e+00
   2.3551136e+02  -3.6637470e+01   3.0000000e+00
   2.3566667e+02  -3.6584051e+01   3.0000000e+00
   2.3600000e+02  -3.6488325e+01   3.0000000e+00
   2.3633333e+02  -3.6446838e+01   3.0000000e+00
   2.3666667e+02  -3.6449040e+01   3.0000000e+00
   2.3700000e+02  -3.6466278e+01   3.0000000e+00
   2.3733333e+02  -3.6484084e+01   3.0000000e+00
   2.3766667e+02  -3.6473134e+01   3.0000000e+00
   2.3800000e+02  -3.6405388e+01   3.0000000e+00
   2.3812393e+02  -3.6369530e+01   3.0000000e+00
   2.3833333e+02  -3.6306735e+01   3.0000000e+00
   2.3866667e+02  -3.6210317e+01   3.0000000e+00
   2.3900000e+02  -3.6176259e+01   3.0000000e+00
   2.3933333e+02  -3.6202342e+01   3.0000000e+00
   2.3966667e+02  -3.6227279e+01   3.0000000e+00
   2.4000000e+02  -3.6242574e+01   3.0000000e+00
   2.4033333e+02  -3.6276547e+01   3.0000000e+00
   2.4066667e+02  -3.6335384e+01   3.0000000e+00
   2.4087029e+02  -3.6369530e+01   3.0000000e+00
   2.4100000e+02  -3.6391825e+01   3.0000000e+00
   2.4133333e+02  -3.6421369e+01   3.0000000e+00
   2.4166667e+02  -3.6431971e+01   3.0000000e+00
   2.4200000e+02  -3.6461015e+01   3.0000000e+00
   2.4233333e+02  -3.6519467e+01   3.0000000e+00
   2.4266667e+02  -3.6596032e+01   3.0000000e+00
   2.4283244e+02  -3.6637470e+01   3.0000000e+00
   2.4300000e+02  -3.6682726e+01   3.0000000e+00
   2.4333333e+02  -3.6753859e+01   3.0000000e+00
   2.4366667e+02  -3.6790949e+01   3.0000000e+00
   2.4400000e+02  -3.6785156e+01   3.0000000e+00
   2.4433333e+02  -3.6763582e+01   3.0000000e+00
   2.4466667e+02  -3.6757641e+01   3.0000000e+00
   2.4500000e+02  -3.6755308e+01   3.0000000e+00
   2.4533333e+02  -3.6748526e+01   3.0000000e+00
   2.4566667e+02  -3.6762610e+01   3.0000000e+00
   2.4600000e+02  -3.6797462e+01   3.0000000e+00
   2.4633333e+02  -3.6801906e+01   3.0000000e+00
   2.4666667e+02  -3.6772544e+01   3.0000000e+00
   2.4700000e+02  -3.6755205e+01   3.0000000e+00
   2.4733333e+02  -3.6785965e+01   3.0000000e+00
   2.4766667e+02  -3.6854541e+01   3.0000000e+00
   2.4800000e+02  -3.6904197e+01   3.0000000e+00
   2.4833333e+02  -3.6886507e+01   3.0000000e+00
   2.4866667e+02  -3.6833368e+01   3.0000000e+00
   2.4900000e+02  -3.6798725e+01   3.0000000e+00
   2.4933333e+02  -3.6823435e+01   3.0000000e+00
   2.4966667e+02  -3.6865352e+01   3.0000000e+00
   2.5000000e+02  -3.6801176e+01   3.0000000e+00
   2.5033333e+02  -3.6662684e+01   3.0000000e+00
   2.5041448e+02  -3.6637470e+01   3.0000000e+00
   2.5066667e+02  -3.6471448e+01   3.0000000e+00
   2.5100000e+02  -3.6532548e+01   3.0000000e+00
   2.5124256e+02  -3.6637470e+01   3.0000000e+00
   2.5133333e+02  -3.6657519e+01   3.0000000e+00
   2.5166667e+02  -3.6805582e+01   3.0000000e+00
   2.5186111e+02  -3.6904480e+01   3.0000000e+00
   2.5200000e+02  -3.6973791e+01   3.0000000e+00
   2.5231635e+02  -3.7170559e+01   3.0000000e+00
   2.5233333e+02  -3.7182270e+01   3.0000000e+00
   2.5263249e+02  -3.7435707e+01   3.0000000e+00
   2.5266667e+02  -3.7456611e+01   3.0000000e+00
   2.5300000e+02  -3.7667977e+01   3.0000000e+00
   2.5305024e+02  -3.7699917e+01   3.0000000e+00
   2.5333333e+02  -3.7836921e+01   3.0000000e+00
   2.5366667e+02  -3.7956630e+01   3.0000000e+00
   2.5371020e+02  -3.7963188e+01   3.0000000e+00
   2.5400000e+02  -3.8001105e+01   3.0000000e+00
   2.5433333e+02  -3.8041402e+01   3.0000000e+00
   2.5466667e+02  -3.8155346e+01   3.0000000e+00
   2.5480448e+02  -3.8225521e+01   3.0000000e+00
   2.5500000e+02  -3.8339357e+01   3.0000000e+00
   2.5533333e+02  -3.8449293e+01   3.0000000e+00
   2.5562838e+02  -3.8486908e+01   3.0000000e+00
   2.5566667e+02  -3.8491164e+01   3.0000000e+00
   2.5600000e+02  -3.8519749e+01   3.0000000e+00
   2.5633334e+02  -3.8502592e+01   3.0000000e+00
   2.5653469e+02  -3.8486908e+01   3.0000000e+00
   2.5666666e+02  -3.8473780e+01   3.0000000e+00
   2.5700000e+02  -3.8407380e+01   3.0000000e+00
   2.5733334e+02  -3.8302711e+01   3.0000000e+00
   2.5766666e+02  -3.8228428e+01   3.0000000e+00
   2.5767832e+02  -3.8225521e+01   3.0000000e+00
   2.5800000e+02  -3.8159379e+01   3.0000000e+00
   2.5833334e+02  -3.8054684e+01   3.0000000e+00
   2.5863019e+02  -3.7963188e+01   3.0000000e+00
   2.5866666e+02  -3.7947953e+01   3.0000000e+00
   2.5900000e+02  -3.7822797e+01   3.0000000e+00
   2.5933269e+02  -3.7699917e+01   3.0000000e+00
   2.5933334e+02  -3.7699619e+01   3.0000000e+00
   2.5966666e+02  -3.7591819e+01   3.0000000e+00
   2.6000000e+02  -3.7494017e+01   3.0000000e+00
   2.6012223e+02  -3.7435707e+01   3.0000000e+00
   2.6033334e+02  -3.7315011e+01   3.0000000e+00
   2.6059176e+02  -3.7170559e+01   3.0000000e+00
   2.6066666e+02  -3.7134373e+01   3.0000000e+00
   2.6100000e+02  -3.7049519e+01   3.0000000e+00
   2.6133334e+02  -3.7019587e+01   3.0000000e+00
   2.6166666e+02  -3.6977432e+01   3.0000000e+00
   2.6194864e+02  -3.6904480e+01   3.0000000e+00
   2.6200000e+02  -3.6888097e+01   3.0000000e+00
   2.6233334e+02  -3.6777833e+01   3.0000000e+00
   2.6266666e+02  -3.6731328e+01   3.0000000e+00
   2.6300000e+02  -3.6736755e+01   3.0000000e+00
   2.6333334e+02  -3.6741746e+01   3.0000000e+00
   2.6366666e+02  -3.6728113e+01   3.0000000e+00
   2.6400000e+02  -3.6725048e+01   3.0000000e+00
   2.6433334e+02  -3.6725606e+01   3.0000000e+00
   2.6466666e+02  -3.6702580e+01   3.0000000e+00
   2.6500000e+02  -3.6661485e+01   3.0000000e+00
   2.6519771e+02  -3.6637470e+01   3.0000000e+00
   2.6533334e+02  -3.6612345e+01   3.0000000e+00
   2.6566666e+02  -3.6511850e+01   3.0000000e+00
   2.6593330e+02  -3.6369530e+01   3.0000000e+00
   2.6600000e+02  -3.6316296e+01   3.0000000e+00
   2.6633334e+02  -3.6182507e+01   3.0000000e+00
   2.6666666e+02  -3.6135083e+01   3.0000000e+00
   2.6691398e+02  -3.6100666e+01   3.0000000e+00
   2.6700000e+02  -3.6089059e+01   3.0000000e+00
   2.6732507e+02  -3.6100666e+01   3.0000000e+00
   2.6733334e+02  -3.6101045e+01   3.0000000e+00
   2.6766666e+02  -3.6241399e+01   3.0000000e+00
   2.6782232e+02  -3.6369530e+01   3.0000000e+00
   2.6800000e+02  -3.6547460e+01   3.0000000e+00
   2.6814071e+02  -3.6637470e+01   3.0000000e+00
   2.6833334e+02  -3.6697909e+01   3.0000000e+00
   2.6866666e+02  -3.6695303e+01   3.0000000e+00
   2.6900000e+02  -3.6659944e+01   3.0000000e+00
   2.6933334e+02  -3.6654898e+01   3.0000000e+00
   2.6966666e+02  -3.6673513e+01   3.0000000e+00
   2.7000000e+02  -3.6660511e+01   3.0000000e+00
   2.7008031e+02  -3.6637470e+01   3.0000000e+00
   2.7033334e+02  -3.6555688e+01   3.0000000e+00
   2.7066666e+02  -3.6473333e+01   3.0000000e+00
   2.7100000e+02  -3.6456835e+01   3.0000000e+00
   2.7133334e+02  -3.6567808e+01   3.0000000e+00
   2.7148222e+02  -3.6637470e+01   3.0000000e+00
   2.7166666e+02  -3.6710178e+01   3.0000000e+00
   2.7200000e+02  -3.6698271e+01   3.0000000e+00
   2.7223762e+02  -3.6637470e+01   3.0000000e+00
   2.7233334e+02  -3.6611257e+01   3.0000000e+00
   2.7266666e+02  -3.6493912e+01   3.0000000e+00
   2.7291166e+02  -3.6369530e+01   3.0000000e+00
   2.7300000e+02  -3.6306268e+01   3.0000000e+00
   2.7323807e+02  -3.6100666e+01   3.0000000e+00
   2.7333334e+02  -3.5962649e+01   3.0000000e+00
   2.7341781e+02  -3.5830875e+01   3.0000000e+00
   2.7354001e+02  -3.5560165e+01   3.0000000e+00
   2.7366666e+02  -3.5368989e+01   3.0000000e+00
   2.7371120e+02  -3.5288540e+01   3.0000000e+00
   2.7394832e+02  -3.5015999e+01   3.0000000e+00
   2.7400000e+02  -3.4947622e+01   3.0000000e+00
   2.7413450e+02  -3.4742546e+01   3.0000000e+00
   2.7427669e+02  -3.4468185e+01   3.0000000e+00
   2.7433334e+02  -3.4374259e+01   3.0000000e+00
   2.7445584e+02  -3.4192921e+01   3.0000000e+00
   2.7466666e+02  -3.3975312e+01   3.0000000e+00
   2.7473088e+02  -3.3916752e+01   3.0000000e+00
   2.7500000e+02  -3.3665414e+01   3.0000000e+00
   2.7502439e+02  -3.3639690e+01   3.0000000e+00
   2.7522791e+02  -3.3361729e+01   3.0000000e+00
   2.7533334e+02  -3.3203449e+01   3.0000000e+00
   2.7539859e+02  -3.3082878e+01   3.0000000e+00
   2.7555365e+02  -3.2803143e+01   3.0000000e+00
   2.7566666e+02  -3.2648232e+01   3.0000000e+00
   2.7577164e+02  -3.2522522e+01   3.0000000e+00
   2.7600000e+02  -3.2339501e+01   3.0000000e+00
   2.7616123e+02  -3.2241024e+01   3.0000000e+00
   2.7633334e+02  -3.2112887e+01   3.0000000e+00
   2.7648847e+02  -3.1958651e+01   3.0000000e+00
   2.7660928e+02  -3.1675406e+01   3.0000000e+00
   2.7665428e+02  -3.1391294e+01   3.0000000e+00
   2.7666666e+02  -3.1323720e+01   3.0000000e+00
   2.7670990e+02  -3.1106319e+01   3.0000000e+00
   2.7683413e+02  -3.0820488e+01   3.0000000e+00
   2.7700000e+02  -3.0559842e+01   3.0000000e+00
   2.7701494e+02  -3.0533804e+01   3.0000000e+00
   2.7714420e+02  -3.0246271e+01   3.0000000e+00
   3.1230743e+02  -3.0246271e+01   4.0000000e+00
   3.1200000e+02  -3.0509727e+01   4.0000000e+00
   3.1197209e+02  -3.0533804e+01   4.0000000e+00
   3.1166666e+02  -3.0795842e+01   4.0000000e+00
   3.1163800e+02  -3.0820488e+01   4.0000000e+00
   3.1133334e+02  -3.1081543e+01   4.0000000e+00
   3.1100000e+02  -3.1083353e+01   4.0000000e+00
   3.1097322e+02  -3.1106319e+01   4.0000000e+00
   3.1066666e+02  -3.1368308e+01   4.0000000e+00
   3.1063977e+02  -3.1391294e+01   4.0000000e+00
   3.1063754e+02  -3.1675406e+01   4.0000000e+00
   3.1033334e+02  -3.1931952e+01   4.0000000e+00
   3.1030192e+02  -3.1958651e+01   4.0000000e+00
   3.1029914e+02  -3.2241024e+01   4.0000000e+00
   3.1000000e+02  -3.2489458e+01   4.0000000e+00
   3.0996085e+02  -3.2522522e+01   4.0000000e+00
   3.0995865e+02  -3.2803143e+01   4.0000000e+00
   3.1000000e+02  -3.2837840e+01   4.0000000e+00
   3.1029102e+02  -3.3082878e+01   4.0000000e+00
   3.1000000e+02  -3.3323562e+01   4.0000000e+00
   3.0995437e+02  -3.3361729e+01   4.0000000e+00
   3.0966666e+02  -3.3600359e+01   4.0000000e+00
   3.0961949e+02  -3.3639690e+01   4.0000000e+00
   3.0933334e+02  -3.3878011e+01   4.0000000e+00
   3.0900000e+02  -3.3880365e+01   4.0000000e+00
   3.0895622e+02  -3.3916752e+01   4.0000000e+00
   3.0866666e+02  -3.4162380e+01   4.0000000e+00
   3.0862980e+02  -3.4192921e+01   4.0000000e+00
   3.0833334e+02  -3.4447537e+01   4.0000000e+00
   3.0830834e+02  -3.4468185e+01   4.0000000e+00
   3.0831669e+02  -3.4742546e+01   4.0000000e+00
   3.0807210e+02  -3.5015999e+01   4.0000000e+00
   3.0829341e+02  -3.5288540e+01   4.0000000e+00
   3.0833334e+02  -3.5346588e+01   4.0000000e+00
   3.0846706e+02  -3.5560165e+01   4.0000000e+00
   3.0855100e+02  -3.5830875e+01   4.0000000e+00
   3.0863249e+02  -3.6100666e+01   4.0000000e+00
   3.0866666e+02  -3.6243097e+01   4.0000000e+00
   3.0869834e+02  -3.6369530e+01   4.0000000e+00
   3.0881157e+02  -3.6637470e+01   4.0000000e+00
   3.0900000e+02  -3.6903699e+01   4.0000000e+00
   3.0900075e+02  -3.6904480e+01   4.0000000e+00
   3.0933334e+02  -3.7138492e+01   4.0000000e+00
   3.0939065e+02  -3.7170559e+01   4.0000000e+00
   3.0966666e+02  -3.7334641e+01   4.0000000e+00
   3.0999594e+02  -3.7435707e+01   4.0000000e+00
   3.1000000e+02  -3.7437043e+01   4.0000000e+00
   3.1000951e+02  -3.7435707e+01   4.0000000e+00
   3.1033334e+02  -3.7403971e+01   4.0000000e+00
   3.1066666e+02  -3.7297653e+01   4.0000000e+00
   3.1090456e+02  -3.7170559e+01   4.0000000e+00
   3.1100000e+02  -3.7117478e+01   4.0000000e+00
   3.1126645e+02  -3.6904480e+01   4.0000000e+00
   3.1133334e+02  -3.6852903e+01   4.0000000e+00
   3.1158133e+02  -3.6637470e+01   4.0000000e+00
   3.1166666e+02  -3.6562692e+01   4.0000000e+00
   3.1186126e+02  -3.6369530e+01   4.0000000e+00
   3.1200000e+02  -3.6210131e+01   4.0000000e+00
   3.1209772e+02  -3.6100666e+01   4.0000000e+00
   3.1232524e+02  -3.5830875e+01   4.0000000e+00
   3.1233334e+02  -3.5820546e+01   4.0000000e+00
   3.1259396e+02  -3.5560165e+01   4.0000000e+00
   3.1266666e+02  -3.5475951e+01   4.0000000e+00
   3.1284463e+02  -3.5288540e+01   4.0000000e+00
   3.1300000e+02  -3.5112942e+01   4.0000000e+00
   3.1308430e+02  -3.5015999e+01   4.0000000e+00
   3.1333334e+02  -3.4762744e+01   4.0000000e+00
   3.1335260e+02  -3.4742546e+01   4.0000000e+00
   3.1364273e+02  -3.4468185e+01   4.0000000e+00
   3.1366666e+02  -3.4445749e+01   4.0000000e+00
   3.1395454e+02  -3.4192921e+01   4.0000000e+00
   3.1400000e+02  -3.4142589e+01   4.0000000e+00
   3.1429574e+02  -3.3916752e+01   4.0000000e+00
   3.1433334e+02  -3.3883022e+01   4.0000000e+00
   3.1466666e+02  -3.3699104e+01   4.0000000e+00
   3.1487909e+02  -3.3639690e+01   4.0000000e+00
   3.1500000e+02  -3.3592001e+01   4.0000000e+00
   3.1533334e+02  -3.3580575e+01   4.0000000e+00
   3.1554434e+02  -3.3639690e+01   4.0000000e+00
   3.1566666e+02  -3.3663169e+01   4.0000000e+00
   3.1600000e+02  -3.3772929e+01   4.0000000e+00
   3.1627915e+02  -3.3916752e+01   4.0000000e+00
   3.1633334e+02  -3.3941111e+01   4.0000000e+00
   3.1666666e+02  -3.4124010e+01   4.0000000e+00
   3.1676174e+02  -3.4192921e+01   4.0000000e+00
   3.1700000e+02  -3.4410198e+01   4.0000000e+00
   3.1704801e+02  -3.4468185e+01   4.0000000e+00
   3.1733334e+02  -3.4734667e+01   4.0000000e+00
   3.1734179e+02  -3.4742546e+01   4.0000000e+00
   3.1766016e+02  -3.5015999e+01   4.0000000e+00
   3.1766666e+02  -3.5019738e+01   4.0000000e+00
   3.1800000e+02  -3.5211949e+01   4.0000000e+00
   3.1817235e+02  -3.5288540e+01   4.0000000e+00
   3.1833334e+02  -3.5351071e+01   4.0000000e+00
   3.1866666e+02  -3.5450553e+01   4.0000000e+00
   3.1900000e+02  -3.5501791e+01   4.0000000e+00
   3.1933334e+02  -3.5486467e+01   4.0000000e+00
   3.1966666e+02  -3.5447085e+01   4.0000000e+00
   3.2000000e+02  -3.5399810e+01   4.0000000e+00
   3.2033334e+02  -3.5344951e+01   4.0000000e+00
   3.2066666e+02  -3.5291742e+01   4.0000000e+00
   3.2068431e+02  -3.5288540e+01   4.0000000e+00
   3.2100000e+02  -3.5230094e+01   4.0000000e+00
   3.2133334e+02  -3.5161443e+01   4.0000000e+00
   3.2166666e+02  -3.5107432e+01   4.0000000e+00
   3.2200000e+02  -3.5057860e+01   4.0000000e+00
   3.2224186e+02  -3.5015999e+01   4.0000000e+00
   3.2233334e+02  -3.4986294e+01   4.0000000e+00
   3.2266666e+02  -3.4860434e+01   4.0000000e+00
   3.2300000e+02  -3.4772648e+01   4.0000000e+00
   3.2333334e+02  -3.4799132e+01   4.0000000e+00
   3.2366666e+02  -3.4836738e+01   4.0000000e+00
   3.2400000e+02  -3.4845274e+01   4.0000000e+00
   3.2433334e+02  -3.4785553e+01   4.0000000e+00
   3.2444963e+02  -3.4742546e+01   4.0000000e+00
   3.2466666e+02  -3.4655026e+01   4.0000000e+00
   3.2500000e+02  -3.4494032e+01   4.0000000e+00
   3.2504801e+02  -3.4468185e+01   4.0000000e+00
   3.2533334e+02  -3.4339546e+01   4.0000000e+00
   3.2566666e+02  -3.4213011e+01   4.0000000e+00
   3.2571061e+02  -3.4192921e+01   4.0000000e+00
   3.2600000e+02  -3.4085011e+01   4.0000000e+00
   3.2633334e+02  -3.3927394e+01   4.0000000e+00
   3.2635485e+02  -3.3916752e+01   4.0000000e+00
   3.2666666e+02  -3.3766411e+01   4.0000000e+00
   3.2693538e+02  -3.3639690e+01   4.0000000e+00
   3.2700000e+02  -3.3602699e+01   4.0000000e+00
   3.2733334e+02  -3.3467974e+01   4.0000000e+00
   3.2760980e+02  -3.3361729e+01   4.0000000e+00
   3.2766666e+02  -3.3330109e+01   4.0000000e+00
   3.2792941e+02  -3.3082878e+01   4.0000000e+00
   3.2800000e+02  -3.2974826e+01   4.0000000e+00
   3.2812520e+02  -3.2803143e+01   4.0000000e+00
   3.2833334e+02  -3.2580631e+01   4.0000000e+00
   3.2841446e+02  -3.2522522e+01   4.0000000e+00
   3.2856902e+02  -3.2241024e+01   4.0000000e+00
   3.2866666e+02  -3.2107096e+01   4.0000000e+00
   3.2876968e+02  -3.1958651e+01   4.0000000e+00
   3.2895083e+02  -3.1675406e+01   4.0000000e+00
   3.2900000e+02  -3.1617047e+01   4.0000000e+00
   3.2916805e+02  -3.1391294e+01   4.0000000e+00
   3.2933334e+02  -3.1137119e+01   4.0000000e+00
   3.2934914e+02  -3.1106319e+01   4.0000000e+00
   3.2941103e+02  -3.0820488e+01   4.0000000e+00
   3.2933334e+02  -3.0605732e+01   4.0000000e+00
   3.2930270e+02  -3.0533804e+01   4.0000000e+00
   3.2900000e+02  -3.0264713e+01   4.0000000e+00
   3.2895753e+02  -3.0246271e+01   4.0000000e+00
   3.2623669e+02  -3.0246271e+01   5.0000000e+00
   3.2633334e+02  -3.0271632e+01   5.0000000e+00
   3.2666666e+02  -3.0332789e+01   5.0000000e+00
   3.2700000e+02  -3.0342257e+01   5.0000000e+00
   3.2733334e+02  -3.0262087e+01   5.0000000e+00
   3.2740083e+02  -3.0246271e+01   5.0000000e+00
   6.6666665e+00  -3.3353531e+01   6.0000000e+00
   6.7340783e+00  -3.3361729e+01   6.0000000e+00
   6.6666665e+00  -3.3404171e+01   6.0000000e+00
   6.6403833e+00  -3.3361729e+01   6.0000000e+00
   6.6666665e+00  -3.3353531e+01   6.0000000e+00
   3.5033334e+02  -3.2355701e+01   7.0000000e+00
   3.5010843e+02  -3.2241024e+01   7.0000000e+00
   3.5000000e+02  -3.2189936e+01   7.0000000e+00
   3.4966666e+02  -3.2120503e+01   7.0000000e+00
   3.4933334e+02  -3.1993920e+01   7.0000000e+00
   3.4926709e+02  -3.1958651e+01   7.0000000e+00
   3.4900000e+02  -3.1841530e+01   7.0000000e+00
   3.4866666e+02  -3.1794411e+01   7.0000000e+00
   3.4833334e+02  -3.1834113e+01   7.0000000e+00
   3.4805860e+02  -3.1958651e+01   7.0000000e+00
   3.4800000e+02  -3.2039292e+01   7.0000000e+00
   3.4791973e+02  -3.2241024e+01   7.0000000e+00
   3.4792685e+02  -3.2522522e+01   7.0000000e+00
   3.4800000e+02  -3.2602975e+01   7.0000000e+00
   3.4819547e+02  -3.2803143e+01   7.0000000e+00
   3.4833334e+02  -3.2926504e+01   7.0000000e+00
   3.4848269e+02  -3.3082878e+01   7.0000000e+00
   3.4866666e+02  -3.3192086e+01   7.0000000e+00
   3.4900000e+02  -3.3361075e+01   7.0000000e+00
   3.4933334e+02  -3.3360521e+01   7.0000000e+00
   3.4966666e+02  -3.3226094e+01   7.0000000e+00
   3.4998733e+02  -3.3082878e+01   7.0000000e+00
   3.5000000e+02  -3.3074434e+01   7.0000000e+00
   3.5033334e+02  -3.2847027e+01   7.0000000e+00
   3.5040949e+02  -3.2803143e+01   7.0000000e+00
   3.5055608e+02  -3.2522522e+01   7.0000000e+00
   3.5033334e+02  -3.2355701e+01   7.0000000e+00
   9.2000000e+01  -3.8682077e+01   8.0000000e+00
   9.2333336e+01  -3.8576281e+01   8.0000000e+00
   9.2666664e+01  -3.8632104e+01   8.0000000e+00
   9.3000000e+01  -3.8707197e+01   8.0000000e+00
   9.3333336e+01  -3.8712438e+01   8.0000000e+00
   9.3666664e+01  -3.8641221e+01   8.0000000e+00
   9.4000000e+01  -3.8646308e+01   8.0000000e+00
   9.4333336e+01  -3.8731879e+01   8.0000000e+00
   9.4368008e+01  -3.8747353e+01   8.0000000e+00
   9.4666664e+01  -3.8839041e+01   8.0000000e+00
   9.5000000e+01  -3.8956001e+01   8.0000000e+00
   9.5168685e+01  -3.9006851e+01   8.0000000e+00
   9.5333336e+01  -3.9053473e+01   8.0000000e+00
   9.5666664e+01  -3.9126614e+01   8.0000000e+00
   9.5977473e+01  -3.9265400e+01   8.0000000e+00
   9.6000000e+01  -3.9282819e+01   8.0000000e+00
   9.6202399e+01  -3.9522999e+01   8.0000000e+00
   9.6203125e+01  -3.9779644e+01   8.0000000e+00
   9.6141207e+01  -4.0035339e+01   8.0000000e+00
   9.6000000e+01  -4.0133738e+01   8.0000000e+00
   9.5713775e+01  -4.0290077e+01   8.0000000e+00
   9.5666664e+01  -4.0308883e+01   8.0000000e+00
   9.5333336e+01  -4.0393696e+01   8.0000000e+00
   9.5000000e+01  -4.0401565e+01   8.0000000e+00
   9.4666664e+01  -4.0332592e+01   8.0000000e+00
   9.4510296e+01  -4.0290077e+01   8.0000000e+00
   9.4333336e+01  -4.0233409e+01   8.0000000e+00
   9.4000000e+01  -4.0178583e+01   8.0000000e+00
   9.3666664e+01  -4.0152991e+01   8.0000000e+00
   9.3333336e+01  -4.0113945e+01   8.0000000e+00
   9.3000000e+01  -4.0071144e+01   8.0000000e+00
   9.2753327e+01  -4.0035339e+01   8.0000000e+00
   9.2666664e+01  -4.0010965e+01   8.0000000e+00
   9.2333336e+01  -3.9872193e+01   8.0000000e+00
   9.2209354e+01  -3.9779644e+01   8.0000000e+00
   9.2003056e+01  -3.9522999e+01   8.0000000e+00
   9.2007070e+01  -3.9265400e+01   8.0000000e+00
   9.2000000e+01  -3.9242402e+01   8.0000000e+00
   9.1940023e+01  -3.9006851e+01   8.0000000e+00
   9.1948155e+01  -3.8747353e+01   8.0000000e+00
   9.2000000e+01  -3.8682077e+01   8.0000000e+00
   9.7333336e+01  -3.4467855e+01   9.0000000e+00
   9.7666664e+01  -3.4347463e+01   9.0000000e+00
   9.7936348e+01  -3.4468185e+01   9.0000000e+00
   9.7861213e+01  -3.4742546e+01   9.0000000e+00
   9.7666664e+01  -3.4818595e+01   9.0000000e+00
   9.7333336e+01  -3.4745231e+01   9.0000000e+00
   9.7329972e+01  -3.4742546e+01   9.0000000e+00
   9.7333064e+01  -3.4468185e+01   9.0000000e+00
   9.7333336e+01  -3.4467855e+01   9.0000000e+00
   1.5433333e+02  -3.9153229e+01   1.0000000e+01
   1.5451562e+02  -3.9006851e+01   1.0000000e+01
   1.5466667e+02  -3.8947850e+01   1.0000000e+01
   1.5500000e+02  -3.8917840e+01   1.0000000e+01
   1.5524658e+02  -3.9006851e+01   1.0000000e+01
   1.5533333e+02  -3.9099609e+01   1.0000000e+01
   1.5541267e+02  -3.9265400e+01   1.0000000e+01
   1.5533333e+02  -3.9459127e+01   1.0000000e+01
   1.5500000e+02  -3.9466360e+01   1.0000000e+01
   1.5466667e+02  -3.9448964e+01   1.0000000e+01
   1.5433333e+02  -3.9399155e+01   1.0000000e+01
   1.5412152e+02  -3.9265400e+01   1.0000000e+01
   1.5433333e+02  -3.9153229e+01   1.0000000e+01
   1.6733333e+02  -3.4545034e+01   1.1000000e+01
   1.6766667e+02  -3.4553288e+01   1.1000000e+01
   1.6800000e+02  -3.4684136e+01   1.1000000e+01
   1.6815306e+02  -3.4742546e+01   1.1000000e+01
   1.6833333e+02  -3.4818173e+01   1.1000000e+01
   1.6866667e+02  -3.4938434e+01   1.1000000e+01
   1.6888688e+02  -3.5015999e+01   1.1000000e+01
   1.6866667e+02  -3.5249426e+01   1.1000000e+01
   1.6863864e+02  -3.5288540e+01   1.1000000e+01
   1.6833333e+02  -3.5488486e+01   1.1000000e+01
   1.6811925e+02  -3.5560165e+01   1.1000000e+01
   1.6800000e+02  -3.5616996e+01   1.1000000e+01
   1.6766667e+02  -3.5695771e+01   1.1000000e+01
   1.6752196e+02  -3.5560165e+01   1.1000000e+01
   1.6733333e+02  -3.5416274e+01   1.1000000e+01
   1.6728186e+02  -3.5288540e+01   1.1000000e+01
   1.6718742e+02  -3.5015999e+01   1.1000000e+01
   1.6720933e+02  -3.4742546e+01   1.1000000e+01
   1.6733333e+02  -3.4545034e+01   1.1000000e+01
   1.6733333e+02  -3.9004978e+01   1.2000000e+01
   1.6733573e+02  -3.9006851e+01   1.2000000e+01
   1.6733425e+02  -3.9265400e+01   1.2000000e+01
   1.6733333e+02  -3.9412591e+01   1.2000000e+01
   1.6728759e+02  -3.9265400e+01   1.2000000e+01
   1.6721869e+02  -3.9006851e+01   1.2000000e+01
   1.6733333e+02  -3.9004978e+01   1.2000000e+01
   1.6766667e+02  -4.0034379e+01   1.3000000e+01
   1.6766792e+02  -4.0035339e+01   1.3000000e+01
   1.6766667e+02  -4.0159665e+01   1.3000000e+01
   1.6759018e+02  -4.0035339e+01   1.3000000e+01
   1.6766667e+02  -4.0034379e+01   1.3000000e+01
